 VARIABLES  =  "X"  "temp"  "u"  "rho"  "X_H2" "X_O2" "X_H2O" "X_H" "X_O" "X_OH" "X_HO2" "X_H2O2" "X_N2"
 ZONE  I=438  FORMAT=POINT  SPECFORMAT=MOLE
 0.108333333	3073.459787	8415.189584	5.89083E-05	0.14924746	0.049646383	0.579259181	0.075601191	0.031985859	0.114216933	4.03301E-05	2.6635E-06
 0.183333333	3073.459787	8415.189584	5.89083E-05	0.14924746	0.049646383	0.579259181	0.075601191	0.031985859	0.114216933	4.03301E-05	2.6635E-06
 0.258333333	3073.434405	8415.139193	5.89087E-05	0.149248093	0.049647016	0.579255853	0.075603049	0.031986477	0.114216521	4.03281E-05	2.66364E-06
 0.295833333	3073.32914	8414.931137	5.89101E-05	0.149250764	0.049649631	0.579241963	0.075610797	0.031989045	0.114214815	4.03197E-05	2.66421E-06
 0.314583333	3072.859858	8414.000668	5.89166E-05	0.149262515	0.049661321	0.579180331	0.075645221	0.032000473	0.11420719	4.02822E-05	2.66678E-06
 0.328645833	3070.767858	8409.851265	5.89457E-05	0.149314716	0.049713406	0.578905819	0.075798774	0.032051429	0.114173063	4.01154E-05	2.67824E-06
 0.3375		3061.466278	8391.377436	5.90755E-05	0.149543508	0.049944361	0.577689458	0.076483668	0.032278196	0.114018695	3.9384E-05	2.73001E-06
 0.345833333	3041.235816	8350.767914	5.93628E-05	0.150007907	0.050447162	0.575095741	0.077972452	0.032769765	0.113666271	3.78542E-05	2.84706E-06
 0.35		3015.389079	8297.831887	5.97415E-05	0.150527379	0.051094137	0.571904344	0.079862537	0.033391806	0.113180769	3.60232E-05	3.00589E-06
 0.352083333	2993.319109	8251.845516	6.00744E-05	0.150916062	0.05165046	0.569272642	0.081470471	0.033918017	0.112734629	3.45674E-05	3.15026E-06
 0.353125	2963.427941	8189.209173	6.05339E-05	0.151402564	0.052399534	0.565767978	0.083675375	0.034629747	0.112088701	3.27427E-05	3.35976E-06
 0.354166667	2943.823996	8147.688944	6.08424E-05	0.151687884	0.052893202	0.563525151	0.085128019	0.035093694	0.111636902	3.16407E-05	3.50639E-06
 0.355208333	2920.909693	8098.969755	6.12084E-05	0.151999667	0.053468291	0.56093705	0.086844085	0.0356348	0.111081975	3.04436E-05	3.68773E-06
 0.355729167	2894.317954	8042.217508	6.16403E-05	0.152334335	0.05413363	0.557972932	0.088862727	0.036261407	0.110401881	2.91758E-05	3.91252E-06
 0.35625		2863.585977	7976.32575	6.21495E-05	0.152684236	0.054900846	0.554600479	0.091231896	0.036983091	0.109567389	2.78707E-05	4.19299E-06
 0.356770833	2828.166069	7899.946636	6.27504E-05	0.153036612	0.055783666	0.550786781	0.094010012	0.037810164	0.108541646	2.65735E-05	4.54622E-06
 0.357291667	2808.098509	7856.334074	6.30987E-05	0.153207307	0.056287542	0.548670537	0.09560072	0.038275093	0.107928102	2.59375E-05	4.76167E-06
 0.3578125	2786.428018	7809.016386	6.34811E-05	0.153370439	0.056832261	0.546419537	0.097333723	0.038773725	0.10723998	2.53274E-05	5.00771E-06
 0.358072917	2763.077399	7757.801358	6.39001E-05	0.153522588	0.057420059	0.544030067	0.099221084	0.039307233	0.106468923	2.47573E-05	5.28935E-06
 0.358333333	2737.933443	7702.391909	6.43598E-05	0.153659189	0.058054437	0.541497614	0.101277326	0.039877092	0.105604487	2.4242E-05	5.61309E-06
 0.35859375	2710.851053	7642.399907	6.48651E-05	0.153774337	0.058739958	0.538817152	0.10351992	0.040484978	0.10463387	2.37981E-05	5.98724E-06
 0.358723958	2681.651732	7577.343061	6.5422E-05	0.153860575	0.059482301	0.535983055	0.105969915	0.041132726	0.103541562	2.34445E-05	6.42248E-06
 0.358854167	2650.117887	7506.62937	6.60383E-05	0.153908566	0.060288468	0.532988867	0.108652814	0.041822283	0.102308866	2.32028E-05	6.93273E-06
 0.358919271	2615.982483	7429.528929	6.67236E-05	0.153906782	0.061167067	0.529826448	0.111599643	0.042555515	0.10091391	2.3097E-05	7.53633E-06
 0.358984375	2597.67937	7387.900691	6.70995E-05	0.153881193	0.061644563	0.528166368	0.113197061	0.042942266	0.100137559	2.31069E-05	7.88342E-06
 0.359049479	2578.518804	7344.10308	6.74997E-05	0.153836599	0.062147874	0.526457859	0.114880103	0.043341303	0.099304832	2.31645E-05	8.26545E-06
 0.359114583	2558.456207	7298.013338	6.7926E-05	0.153770806	0.062679182	0.524699556	0.116655354	0.043752501	0.098410639	2.32753E-05	8.68693E-06
 0.359179687	2537.435027	7249.47299	6.83808E-05	0.153681592	0.063241482	0.522889305	0.118530206	0.044175668	0.097449149	2.34454E-05	9.15325E-06
 0.359244792	2515.386901	7198.287693	6.8867E-05	0.153566728	0.06383879	0.521024254	0.120513024	0.044610407	0.096413444	2.36818E-05	9.67084E-06
 0.359309896	2492.23096	7144.224629	6.93882E-05	0.153424186	0.064476492	0.519100584	0.122613262	0.045055977	0.09529526	2.39923E-05	1.02473E-05
 0.359375	2467.872444	7087.007555	6.99484E-05	0.153252541	0.065161907	0.51711295	0.124841533	0.045511103	0.094084687	2.43862E-05	1.08918E-05
 0.359440104	2442.200602	7026.309296	7.05526E-05	0.153051699	0.065905172	0.515053526	0.127209615	0.04597371	0.092769789	2.48746E-05	1.16151E-05
 0.359505208	2415.08566	6961.74107	7.1207E-05	0.152824147	0.06672057	0.512910368	0.129730287	0.046440527	0.0913362	2.54707E-05	1.24301E-05
 0.359570312	2386.374362	6892.837445	7.19188E-05	0.15257714	0.067628513	0.510664534	0.132416836	0.046906536	0.0897669	2.61898E-05	1.33513E-05
 0.359602865	2371.300588	6856.404655	7.2301E-05	0.152452102	0.068135294	0.509484827	0.133833322	0.047136933	0.088917056	2.66068E-05	1.38591E-05
 0.359635417	2355.724373	6818.559751	7.27023E-05	0.152329623	0.068681766	0.508264533	0.135297544	0.047363496	0.088021573	2.70651E-05	1.44012E-05
 0.359667969	2339.61996	6779.218258	7.31242E-05	0.152214404	0.069274875	0.506996605	0.136810844	0.047584353	0.08707637	2.75689E-05	1.49803E-05
 0.359700521	2322.957776	6738.282209	7.35684E-05	0.152112837	0.069923252	0.505671784	0.138374192	0.047797242	0.086076972	2.81225E-05	1.55985E-05
 0.359733073	2314.395348	6717.144694	7.37999E-05	0.152070543	0.070274685	0.504981104	0.13917657	0.047899695	0.085553057	2.84218E-05	1.59238E-05
 0.359765625	2305.674257	6695.541401	7.4038E-05	0.152035315	0.070645438	0.50427069	0.139991809	0.047998913	0.085012838	2.87368E-05	1.62605E-05
 0.359798177	2287.763845	6650.959755	7.45343E-05	0.151990072	0.071444101	0.502790619	0.141656894	0.048186359	0.083885574	2.94123E-05	1.69671E-05
 0.359830729	2269.186457	6604.413696	7.50596E-05	0.151993207	0.07233818	0.501207703	0.14337097	0.048355693	0.082686367	3.01587E-05	1.77212E-05
 0.359863281	2249.892614	6555.731408	7.5617E-05	0.152064123	0.073348243	0.499496751	0.145131273	0.048502176	0.081407925	3.09853E-05	1.85244E-05
 0.359895833	2239.943491	6530.470109	7.59095E-05	0.15213549	0.073911382	0.498576187	0.146029221	0.048564424	0.080732915	3.1436E-05	1.89459E-05
 0.359928385	2229.785262	6504.564033	7.62118E-05	0.152234677	0.074516162	0.497608751	0.146936936	0.048618378	0.080033802	3.19128E-05	1.93806E-05
 0.359960937	2219.410221	6477.985993	7.65245E-05	0.152366148	0.075166799	0.496588988	0.147853411	0.048663123	0.079309284	3.24179E-05	1.98286E-05
 0.35999349	2208.810047	6450.706463	7.68481E-05	0.152534971	0.075868001	0.495510709	0.148777418	0.048697662	0.078557996	3.29536E-05	2.02901E-05
 0.360026042	2197.975761	6422.693489	7.71833E-05	0.152746886	0.076625003	0.494366921	0.149707477	0.048720915	0.07777851	3.35226E-05	2.07651E-05
 0.360058594	2186.897689	6393.912598	7.75307E-05	0.153008381	0.077443612	0.49314975	0.150641824	0.04873172	0.076969331	3.41278E-05	2.12533E-05
 0.360091146	2175.565407	6364.326681	7.78911E-05	0.153326774	0.078330246	0.491850352	0.151578371	0.048728831	0.076128899	3.47725E-05	2.17545E-05
 0.360123698	2163.967688	6333.895864	7.82654E-05	0.153710298	0.079291978	0.490458816	0.152514663	0.048710915	0.075255601	3.54602E-05	2.22683E-05
 0.36015625	2152.092442	6302.577374	7.86543E-05	0.154168197	0.080336589	0.488964067	0.153447831	0.048676558	0.074347768	3.6195E-05	2.2794E-05
 0.360188802	2139.926648	6270.325391	7.90588E-05	0.154710825	0.081472606	0.487353759	0.154374537	0.048624262	0.073403699	3.69811E-05	2.33305E-05
 0.360221354	2133.726876	6253.81783	7.92675E-05	0.155019192	0.082080995	0.486497296	0.154834676	0.04859055	0.072916291	3.73966E-05	2.36029E-05
 0.360253906	2127.447253	6237.048319	7.94807E-05	0.155353589	0.082716896	0.485605625	0.155291677	0.048551608	0.0724189	3.78275E-05	2.38776E-05
 0.360286458	2121.085913	6220.0105	7.96984E-05	0.155715697	0.083381613	0.484676792	0.155744964	0.048507217	0.071911289	3.82744E-05	2.41545E-05
 0.36031901	2114.640918	6202.697746	7.99208E-05	0.156107288	0.084076515	0.483708734	0.156193919	0.04845715	0.071393222	3.87381E-05	2.44334E-05
 0.360351562	2108.11025	6185.103157	8.01482E-05	0.156530232	0.084803039	0.48269928	0.156637881	0.048401174	0.07086446	3.92195E-05	2.47141E-05
 0.360384115	2101.491817	6167.219564	8.03806E-05	0.156986494	0.085562684	0.481646146	0.157076147	0.048339048	0.070324766	3.97195E-05	2.49964E-05
 0.360416667	2094.783445	6149.039527	8.06182E-05	0.157478144	0.086357018	0.480546931	0.157507963	0.048270523	0.069773902	4.02389E-05	2.528E-05
 0.360449219	2087.982881	6130.555338	8.08613E-05	0.158007356	0.087187674	0.47939912	0.157932529	0.048195346	0.069211632	4.07788E-05	2.55647E-05
 0.360481771	2081.087789	6111.759016	8.111E-05	0.158576411	0.088056353	0.478200076	0.158348993	0.048113253	0.068637723	4.13401E-05	2.585E-05
 0.360514323	2074.095748	6092.642315	8.13645E-05	0.159187699	0.088964822	0.476947044	0.158756452	0.048023979	0.068051944	4.19241E-05	2.61356E-05
 0.360546875	2067.004253	6073.196717	8.1625E-05	0.159843724	0.089914914	0.475637146	0.159153945	0.047927249	0.067454069	4.25318E-05	2.64213E-05
 0.360579427	2059.810712	6053.413437	8.18918E-05	0.160547105	0.090908529	0.47426738	0.159540455	0.047822784	0.066843876	4.31645E-05	2.67064E-05
 0.360611979	2052.512446	6033.283424	8.2165E-05	0.161300575	0.091947633	0.472834625	0.159914908	0.047710296	0.06622115	4.38234E-05	2.69906E-05
 0.360644531	2045.106688	6012.797362	8.24449E-05	0.162106987	0.093034253	0.471335632	0.160276166	0.047589496	0.065585682	4.45098E-05	2.72734E-05
 0.360677083	2037.590584	5991.945676	8.27318E-05	0.162969309	0.094170484	0.469767037	0.160623032	0.047460086	0.064937274	4.52252E-05	2.75542E-05
 0.360709635	2029.961192	5970.71853	8.3026E-05	0.16389063	0.095358476	0.46812535	0.160954241	0.047321763	0.064275735	4.59711E-05	2.78324E-05
 0.360742187	2022.215482	5949.105838	8.33276E-05	0.164874156	0.096600443	0.466406969	0.161268467	0.04717422	0.063600889	4.67489E-05	2.81075E-05
 0.36077474	2014.350338	5927.09727	8.3637E-05	0.165923209	0.097898649	0.464608176	0.161564314	0.047017143	0.06291257	4.75604E-05	2.83786E-05
 0.360807292	2006.362561	5904.682255	8.39545E-05	0.167041228	0.099255415	0.462725145	0.16184032	0.046850214	0.062210627	4.84071E-05	2.86451E-05
 0.360839844	1998.248867	5881.849996	8.42804E-05	0.168231761	0.100673104	0.460753948	0.162094953	0.04667311	0.061494926	4.92909E-05	2.89062E-05
 0.360872396	1990.005895	5858.589484	8.4615E-05	0.169498467	0.102154127	0.458690563	0.162326614	0.046485504	0.060765349	5.02137E-05	2.9161E-05
 0.360904948	1981.630205	5834.889503	8.49587E-05	0.170845108	0.103700929	0.456530879	0.162533634	0.046287064	0.0600218	5.11773E-05	2.94086E-05
 0.3609375	1973.11829	5810.738659	8.53118E-05	0.172275541	0.105315984	0.45427071	0.162714277	0.046077453	0.059264203	5.21837E-05	2.96482E-05
 0.360970052	1964.466571	5786.125388	8.56747E-05	0.173793716	0.107001792	0.451905807	0.162866737	0.045856331	0.058492504	5.3235E-05	2.98785E-05
 0.361002604	1955.671415	5761.037989	8.60478E-05	0.175403665	0.108760863	0.449431868	0.162989143	0.045623354	0.057706675	5.43334E-05	3.00986E-05
 0.361035156	1946.72913	5735.464644	8.64315E-05	0.177109491	0.110595715	0.446844557	0.163079559	0.045378174	0.056906715	5.54812E-05	3.03073E-05
 0.361067708	1937.635985	5709.393448	8.68262E-05	0.178915356	0.112508859	0.44413952	0.163135987	0.045120442	0.056092652	5.66805E-05	3.05035E-05
 0.36110026	1928.388211	5682.812449	8.72323E-05	0.180825473	0.114502787	0.441312404	0.163156368	0.044849804	0.055264544	5.79339E-05	3.06858E-05
 0.361132812	1918.982014	5655.70968	8.76503E-05	0.182844086	0.116579962	0.438358879	0.163138588	0.044565908	0.054422481	5.92436E-05	3.08529E-05
 0.361165365	1909.413589	5628.073206	8.80807E-05	0.184975455	0.118742799	0.435274662	0.163080482	0.044268396	0.05356659	6.06124E-05	3.10035E-05
 0.361197917	1899.679131	5599.891173	8.8524E-05	0.187223841	0.120993656	0.432055542	0.162979838	0.043956914	0.05269703	6.20425E-05	3.11362E-05
 0.361230469	1889.774852	5571.151861	8.89806E-05	0.189593483	0.123334812	0.428697405	0.162834404	0.043631106	0.051814003	6.35366E-05	3.12495E-05
 0.361263021	1884.756836	5556.562019	8.92143E-05	0.190827451	0.124542949	0.426961018	0.162743848	0.043462357	0.051366768	6.43104E-05	3.12983E-05
 0.361295573	1879.694367	5541.824926	8.94515E-05	0.19209357	0.125775018	0.425187757	0.162641163	0.043289836	0.050916212	6.51015E-05	3.13415E-05
 0.361328125	1874.586995	5526.9393	8.96924E-05	0.193392361	0.127031265	0.423377161	0.162526058	0.043113496	0.05046237	6.59104E-05	3.13791E-05
 0.361360677	1869.434274	5511.903876	8.99371E-05	0.194724333	0.128311926	0.421528783	0.162398239	0.042933293	0.050005278	6.67373E-05	3.14108E-05
 0.361393229	1864.23576	5496.717404	9.01856E-05	0.196089994	0.129617229	0.419642185	0.162257414	0.042749183	0.049544975	6.75826E-05	3.14365E-05
 0.361425781	1858.991019	5481.378656	9.0438E-05	0.197489842	0.130947395	0.417716947	0.162103289	0.042561119	0.049081505	6.84467E-05	3.1456E-05
 0.361458333	1853.69962	5465.886428	9.06943E-05	0.198924368	0.132302632	0.415752661	0.161935569	0.042369058	0.048614911	6.933E-05	3.14691E-05
 0.361490885	1848.361139	5450.239544	9.09547E-05	0.200394053	0.133683141	0.413748938	0.161753961	0.042172955	0.048145243	7.02328E-05	3.14756E-05
 0.361523437	1842.975161	5434.436855	9.12191E-05	0.201899369	0.135089108	0.411705403	0.161558171	0.041972766	0.047672552	7.11555E-05	3.14754E-05
 0.361539714	1837.54128	5418.477249	9.14878E-05	0.203440775	0.136520708	0.409621705	0.161347907	0.041768447	0.047196891	7.20985E-05	3.14683E-05
 0.36155599	1832.059097	5402.35965	9.17608E-05	0.205018721	0.137978105	0.40749751	0.161122877	0.041559954	0.046718317	7.30621E-05	3.14541E-05
 0.361572266	1826.528226	5386.083023	9.20381E-05	0.206633641	0.139461445	0.405332506	0.160882791	0.041347246	0.046236892	7.40467E-05	3.14326E-05
 0.361588542	1820.948288	5369.646378	9.23198E-05	0.208285956	0.140970862	0.403126407	0.160627361	0.04113028	0.045752677	7.50528E-05	3.14037E-05
 0.361604818	1815.318921	5353.048771	9.2606E-05	0.209976074	0.142506474	0.400878947	0.160356303	0.040909015	0.04526574	7.60806E-05	3.13672E-05
 0.361621094	1809.639771	5336.289313	9.28969E-05	0.211704384	0.14406838	0.398589889	0.160069334	0.04068341	0.044776149	7.71306E-05	3.1323E-05
 0.36163737	1803.910499	5319.367169	9.31924E-05	0.21347126	0.145656663	0.396259024	0.159766174	0.040453428	0.044283977	7.82031E-05	3.12709E-05
 0.361653646	1798.130782	5302.281564	9.34927E-05	0.215277055	0.147271388	0.393886169	0.159446549	0.040219029	0.043789301	7.92985E-05	3.12107E-05
 0.361669922	1792.300312	5285.031788	9.37979E-05	0.217122106	0.148912599	0.391471173	0.159110188	0.039980177	0.043292198	8.04173E-05	3.11425E-05
 0.361686198	1786.418794	5267.617199	9.4108E-05	0.219006727	0.150580321	0.389013915	0.158756824	0.039736836	0.042792751	8.15597E-05	3.1066E-05
 0.361702474	1780.485955	5250.037225	9.44231E-05	0.220931212	0.152274556	0.386514309	0.158386198	0.039488973	0.042291045	8.27261E-05	3.09811E-05
 0.36171875	1774.501536	5232.291374	9.47433E-05	0.222895832	0.153995285	0.383972301	0.157998053	0.039236555	0.041787169	8.39169E-05	3.08877E-05
 0.361735026	1768.465301	5214.379233	9.50688E-05	0.224900834	0.155742465	0.381387874	0.157592142	0.038979551	0.041281215	8.51325E-05	3.07859E-05
 0.361751302	1762.37703	5196.300473	9.53995E-05	0.226946441	0.15751603	0.378761048	0.157168222	0.038717935	0.040773276	8.63733E-05	3.06754E-05
 0.361767578	1756.236526	5178.054856	9.57357E-05	0.229032848	0.159315886	0.376091879	0.15672606	0.038451679	0.040263453	8.76396E-05	3.05562E-05
 0.361783854	1750.043615	5159.642239	9.60773E-05	0.231160227	0.161141915	0.373380466	0.156265428	0.038180758	0.039751846	8.89317E-05	3.04284E-05
 0.36180013	1743.798144	5141.062574	9.64246E-05	0.233328719	0.162993973	0.370626944	0.155786109	0.037905152	0.03923856	9.02501E-05	3.02918E-05
 0.361816406	1737.499985	5122.315919	9.67774E-05	0.235538437	0.164871886	0.367831495	0.155287895	0.037624842	0.038723704	9.15951E-05	3.01465E-05
 0.361832682	1731.149033	5103.402437	9.71361E-05	0.237789464	0.166775451	0.364994341	0.154770585	0.03733981	0.038207388	9.29669E-05	2.99925E-05
 0.361848958	1724.745209	5084.322403	9.75006E-05	0.240081853	0.168704438	0.362115749	0.154233991	0.037050044	0.037689728	9.4366E-05	2.98297E-05
 0.361865234	1718.288463	5065.076207	9.78711E-05	0.242415624	0.170658583	0.35919603	0.153677935	0.036755534	0.037170842	9.57927E-05	2.96584E-05
 0.36188151	1711.77877	5045.664361	9.82477E-05	0.244790765	0.172637594	0.356235542	0.153102249	0.036456273	0.036650852	9.72473E-05	2.94784E-05
 0.361897786	1705.216133	5026.0875	9.86303E-05	0.24720723	0.174641143	0.353234691	0.152506779	0.036152256	0.036129881	9.87302E-05	2.929E-05
 0.361914062	1698.600585	5006.346385	9.90193E-05	0.249664938	0.176668873	0.350193931	0.151891381	0.035843485	0.035608057	0.000100242	2.90932E-05
 0.361930339	1691.932188	4986.441913	9.94145E-05	0.252163776	0.17872039	0.347113761	0.151255925	0.035529964	0.035085513	0.000101782	2.88882E-05
 0.361946615	1685.211036	4966.375113	9.98162E-05	0.254703591	0.180795268	0.343994735	0.150600296	0.035211701	0.034562383	0.000103351	2.86751E-05
 0.361962891	1678.437252	4946.147156	0.000100224	0.257284196	0.182893045	0.340837453	0.14992439	0.034888707	0.034038804	0.00010495	2.8454E-05
 0.361979167	1671.610994	4925.759355	0.000100639	0.259905366	0.185013223	0.337642568	0.149228121	0.034561002	0.033514917	0.000106578	2.82253E-05
 0.361995443	1664.732449	4905.213169	0.000101061	0.262566839	0.187155268	0.334410781	0.148511415	0.034228605	0.032990866	0.000108237	2.79891E-05
 0.362011719	1657.80184	4884.510208	0.000101489	0.265268313	0.18931861	0.331142847	0.147774215	0.033891544	0.032466799	0.000109926	2.77457E-05
 0.362027995	1650.819423	4863.65223	0.000101924	0.268009451	0.191502642	0.327839572	0.14701648	0.03354985	0.031942865	0.000111645	2.74953E-05
 0.362044271	1643.785488	4842.64115	0.000102367	0.270789873	0.193706718	0.324501813	0.146238184	0.033203559	0.031419219	0.000113395	2.72383E-05
 0.362060547	1636.70036	4821.479039	0.000102816	0.273609162	0.195930155	0.321130479	0.145439321	0.032852715	0.030896017	0.000115176	2.69749E-05
 0.362076823	1629.564399	4800.168126	0.000103272	0.276466862	0.198172233	0.31772653	0.144619899	0.032497364	0.030373418	0.000116988	2.67056E-05
 0.362093099	1622.378	4778.7108	0.000103736	0.279362477	0.200432192	0.314290977	0.143779946	0.032137561	0.029851585	0.000118831	2.64306E-05
 0.362109375	1615.141594	4757.10961	0.000104207	0.282295469	0.202709236	0.310824884	0.142919507	0.031773364	0.029330682	0.000120707	2.61505E-05
 0.362125651	1607.855648	4735.367267	0.000104686	0.285265266	0.205002529	0.307329362	0.142038646	0.031404841	0.028810877	0.000122614	2.58657E-05
 0.362141927	1600.520665	4713.486642	0.000105172	0.288271251	0.207311197	0.303805575	0.141137445	0.031032062	0.028292341	0.000124553	2.55765E-05
 0.362158203	1593.137183	4691.470769	0.000105665	0.291312771	0.20963433	0.300254733	0.140216005	0.030655106	0.027775248	0.000126524	2.52836E-05
 0.362174479	1585.705777	4669.322842	0.000106166	0.294389134	0.211970977	0.296678097	0.139274447	0.030274058	0.027259771	0.000128528	2.49873E-05
 0.362190755	1578.227058	4647.046213	0.000106675	0.29749961	0.214320154	0.293076972	0.138312911	0.02988901	0.02674609	0.000130564	2.46883E-05
 0.362207031	1570.701671	4624.644392	0.000107192	0.300643429	0.216680837	0.289452712	0.137331558	0.02950006	0.026234384	0.000132633	2.43872E-05
 0.362223307	1563.130297	4602.121044	0.000107717	0.303819787	0.219051968	0.285806712	0.136330565	0.029107313	0.025724835	0.000134735	2.40844E-05
 0.362239583	1555.513653	4579.479985	0.000108249	0.307027841	0.221432453	0.282140413	0.135310133	0.028710882	0.025217627	0.000136871	2.37807E-05
 0.362255859	1547.852489	4556.725183	0.00010879	0.310266712	0.223821164	0.278455294	0.134270481	0.028310886	0.024712946	0.000139039	2.34767E-05
 0.362272135	1540.147588	4533.860744	0.000109338	0.31353549	0.226216938	0.274752878	0.133211848	0.027907452	0.024210979	0.000141241	2.3173E-05
 0.362288411	1532.399769	4510.890919	0.000109895	0.316833225	0.228618583	0.271034722	0.132134493	0.027500712	0.023711916	0.000143478	2.28705E-05
 0.362304687	1524.60988	4487.820091	0.00011046	0.320158941	0.231024874	0.26730242	0.131038696	0.027090808	0.023215944	0.000145748	2.25698E-05
 0.36233724	1516.778802	4464.65277	0.000111033	0.323511625	0.233434555	0.263557599	0.129924753	0.026677887	0.022723256	0.000148053	2.22717E-05
 0.362369792	1508.907447	4441.393587	0.000111615	0.326890236	0.235846344	0.259801917	0.128792985	0.026262105	0.022234044	0.000150392	2.1977E-05
 0.362402344	1500.996754	4418.047289	0.000112204	0.330293704	0.238258932	0.256037063	0.127643728	0.025843622	0.021748497	0.000152767	2.16866E-05
 0.362434896	1485.061702	4371.125925	0.000113409	0.337151526	0.243064904	0.248510391	0.125300655	0.025001919	0.020791879	0.000157603	2.11225E-05
 0.362467448	1468.983205	4323.911408	0.000114647	0.344094695	0.247859882	0.240966298	0.122892634	0.024151561	0.019851766	0.00016258	2.0585E-05
 0.3625		1452.769314	4276.44379	0.00011592	0.35111387	0.252632789	0.23341878	0.120422987	0.023294073	0.018929722	0.000167696	2.00812E-05
 0.362532552	1436.428457	4228.764099	0.000117227	0.358199401	0.257372337	0.225882032	0.117895311	0.022431074	0.018027272	0.000172953	1.96193E-05
 0.362565104	1428.213134	4204.854225	0.000117893	0.361774568	0.259734122	0.222109924	0.11660716	0.021996622	0.017582552	0.000175645	1.94069E-05
 0.362597656	1419.968965	4180.909631	0.000118569	0.365362655	0.262082353	0.218346632	0.115305869	0.02156147	0.01714344	0.000178373	1.92086E-05
 0.362630208	1411.697138	4156.935619	0.000119252	0.368962379	0.264415589	0.214593958	0.113991963	0.021125843	0.016710104	0.000181138	1.90257E-05
 0.36266276	1403.39885	4132.937478	0.000119945	0.372572449	0.266732396	0.210853698	0.112665977	0.020689971	0.016282709	0.000183941	1.88593E-05
 0.362695312	1395.075305	4108.920469	0.000120646	0.376191565	0.269031339	0.207127636	0.111328461	0.020254089	0.015861418	0.000186781	1.87107E-05
 0.362727865	1386.727708	4084.889811	0.000121356	0.379818425	0.271310995	0.203417537	0.109979976	0.019818435	0.015446389	0.000189661	1.85812E-05
 0.362760417	1378.357269	4060.850665	0.000122074	0.383451727	0.273569947	0.19972515	0.108621093	0.019383253	0.01503778	0.00019258	1.8472E-05
 0.362792969	1369.965193	4036.80812	0.000122801	0.387090164	0.275806795	0.1960522	0.107252392	0.018948786	0.01463574	0.000195538	1.83845E-05
 0.362825521	1361.552688	4012.767177	0.000123537	0.390732436	0.278020156	0.192400385	0.105874464	0.018515282	0.014240418	0.000198538	1.83201E-05
 0.362858073	1353.120951	3988.732737	0.000124281	0.394377244	0.280208667	0.188771375	0.104487906	0.018082992	0.013851956	0.00020158	1.82802E-05
 0.362890625	1344.671175	3964.709582	0.000125034	0.398023295	0.28237099	0.185166805	0.103093323	0.017652167	0.01347049	0.000204664	1.82662E-05
 0.362923177	1336.204544	3940.702363	0.000125796	0.401669305	0.284505814	0.181588274	0.101691327	0.017223059	0.01309615	0.000207791	1.82795E-05
 0.362955729	1327.722226	3916.715584	0.000126566	0.405313999	0.286611857	0.178037342	0.100282533	0.016795922	0.012729062	0.000210964	1.83218E-05
 0.362988281	1319.225378	3892.753588	0.000127346	0.408956113	0.288687874	0.174515526	0.098867562	0.016371007	0.012369343	0.000214181	1.83943E-05
 0.363020833	1310.715137	3868.820544	0.000128133	0.412594396	0.290732655	0.171024295	0.097447037	0.015948569	0.012017104	0.000217446	1.84989E-05
 0.363053385	1302.192622	3844.920431	0.00012893	0.416227614	0.292745031	0.167565072	0.096021583	0.015528857	0.011672448	0.000220758	1.86369E-05
 0.363085937	1293.658931	3821.057024	0.000129735	0.419854547	0.294723878	0.164139225	0.094591829	0.015112121	0.011335471	0.000224119	1.88099E-05
 0.36311849	1285.115134	3797.233884	0.000130549	0.423473994	0.296668115	0.160748069	0.0931584	0.014698609	0.011006261	0.000227531	1.90196E-05
 0.363151042	1276.562279	3773.454345	0.000131372	0.427084775	0.298576713	0.157392863	0.091721924	0.014288565	0.010684897	0.000230996	1.92676E-05
 0.363183594	1268.001379	3749.721499	0.000132203	0.43068573	0.300448694	0.154074803	0.090283024	0.013882229	0.010371451	0.000234514	1.95555E-05
 0.363216146	1259.433422	3726.038188	0.000133043	0.43427572	0.302283135	0.150795027	0.088842322	0.013479839	0.010065985	0.000238087	1.98849E-05
 0.363248698	1250.859357	3702.406993	0.000133893	0.437853633	0.304079168	0.147554607	0.087400437	0.013081628	0.009768552	0.000241717	2.02575E-05
 0.36328125	1242.2801	3678.830222	0.000134751	0.44141838	0.305835988	0.14435455	0.085957983	0.012687822	0.009479196	0.000245406	2.06749E-05
 0.363313802	1233.696527	3655.309905	0.000135618	0.444968897	0.307552848	0.141195795	0.084515567	0.012298644	0.009197954	0.000249157	2.11387E-05
 0.363346354	1225.109476	3631.847781	0.000136494	0.448504151	0.309229065	0.138079214	0.083073791	0.01191431	0.008924849	0.00025297	2.16505E-05
 0.363378906	1216.519741	3608.445295	0.000137379	0.452023132	0.31086402	0.135005608	0.081633251	0.011535029	0.008659899	0.000256848	2.2212E-05
 0.363411458	1207.928073	3585.103591	0.000138273	0.455524863	0.312457164	0.131975708	0.080194533	0.011161004	0.00840311	0.000260794	2.28247E-05
 0.36344401	1199.335177	3561.823503	0.000139177	0.459008394	0.31400801	0.128990172	0.078758216	0.010792429	0.00815448	0.000264809	2.34901E-05
 0.363476562	1190.741712	3538.605555	0.00014009	0.462472807	0.315516145	0.126049586	0.077324869	0.010429492	0.007913995	0.000268897	2.42098E-05
 0.363509115	1182.148286	3515.449956	0.000141013	0.465917214	0.316981221	0.123154467	0.07589505	0.01007237	0.007681634	0.000273059	2.49852E-05
 0.363541667	1173.555458	3492.356597	0.000141946	0.469340757	0.318402962	0.120305254	0.074469308	0.009721236	0.007457365	0.000277299	2.58178E-05
 0.363574219	1164.963734	3469.325052	0.000142888	0.472742613	0.319781162	0.117502319	0.073048181	0.009376249	0.007241148	0.00028162	2.67088E-05
 0.363606771	1156.373569	3446.354574	0.00014384	0.476121988	0.321115685	0.114745959	0.071632192	0.00903756	0.007032932	0.000286024	2.76595E-05
 0.363639323	1147.785365	3423.4441	0.000144803	0.479478121	0.322406466	0.112036401	0.070221856	0.008705313	0.006832656	0.000290515	2.86712E-05
 0.363671875	1139.199465	3400.592248	0.000145776	0.482810284	0.323653509	0.109373801	0.068817674	0.008379639	0.006640253	0.000295095	2.9745E-05
 0.363704427	1130.616161	3377.797326	0.00014676	0.486117781	0.324856886	0.106758245	0.067420131	0.008060661	0.006455645	0.000299769	3.08818E-05
 0.363736979	1122.035688	3355.05733	0.000147754	0.489399948	0.326016739	0.104189753	0.066029704	0.007748488	0.006278745	0.000304539	3.20827E-05
 0.363769531	1113.458224	3332.369954	0.00014876	0.492656155	0.327133277	0.101668277	0.064646852	0.007443224	0.006109458	0.000309409	3.33483E-05
 0.363802083	1104.883889	3309.732593	0.000149778	0.495885801	0.328206772	0.099193704	0.063272023	0.007144957	0.00594768	0.000314384	3.46795E-05
 0.363834635	1096.31275	3287.142351	0.000150807	0.49908832	0.329237563	0.096765858	0.061905649	0.006853767	0.005793299	0.000319466	3.60766E-05
 0.363867187	1087.744814	3264.596047	0.000151849	0.502263177	0.33022605	0.094384502	0.06054815	0.006569724	0.005646197	0.000324661	3.75402E-05
 0.36389974	1079.180033	3242.090228	0.000152903	0.505409867	0.331172694	0.092049341	0.05919993	0.006292883	0.005506244	0.000329971	3.90705E-05
 0.363932292	1070.618302	3219.621174	0.00015397	0.508527916	0.332078013	0.089760021	0.057861381	0.006023292	0.005373306	0.000335402	4.06675E-05
 0.363964844	1062.059464	3197.184915	0.00015505	0.511616883	0.332942583	0.087516137	0.056532879	0.005760987	0.005247242	0.000340958	4.23312E-05
 0.363997396	1053.503302	3174.777235	0.000156145	0.514676354	0.33376703	0.085317231	0.055214787	0.005505992	0.0051279	0.000346644	4.40612E-05
 0.364029948	1044.949551	3152.39369	0.000157253	0.517705947	0.334552034	0.083162796	0.053907455	0.00525832	0.005015126	0.000352465	4.58572E-05
 0.3640625	1036.397888	3130.029619	0.000158377	0.520705307	0.335298321	0.08105228	0.052611219	0.005017975	0.004908756	0.000358424	4.77184E-05
 0.364095052	1027.847943	3107.680156	0.000159516	0.523674107	0.336006662	0.078985087	0.051326401	0.004784949	0.004808621	0.000364529	4.96439E-05
 0.364127604	1019.299293	3085.34025	0.000160671	0.52661205	0.33667787	0.076960582	0.050053311	0.004559224	0.004714547	0.000370783	5.16327E-05
 0.364192708	1010.75147	3063.004673	0.000161843	0.529518863	0.337312798	0.074978093	0.048792246	0.004340771	0.004626353	0.000377193	5.36834E-05
 0.364257812	1002.203957	3040.668043	0.000163031	0.532394302	0.337912331	0.073036915	0.047543491	0.004129552	0.004543852	0.000383763	5.57944E-05
 0.364322917	993.6561931	3018.324831	0.000164238	0.535238147	0.338477389	0.07113631	0.046307319	0.003925518	0.004466852	0.000390501	5.7964E-05
 0.364388021	986.0574758	2998.455788	0.000165327	0.537740545	0.338951683	0.069479541	0.045218751	0.003750063	0.004402838	0.000396638	5.99411E-05
 0.364453125	978.4576462	2978.57352	0.00016643	0.540217671	0.339400006	0.067853819	0.044140526	0.003580212	0.004342888	0.000402918	6.19614E-05
 0.364518229	970.8562407	2958.673907	0.00016755	0.542669416	0.339823067	0.066258571	0.043072813	0.003415912	0.004286855	0.000409343	6.40229E-05
 0.364583333	963.2527763	2938.752794	0.000168685	0.545095687	0.340221588	0.064693211	0.042015777	0.003257104	0.004234591	0.000415919	6.61238E-05
 0.364648437	955.6467521	2918.805997	0.000169838	0.547496402	0.340596297	0.063157146	0.040969574	0.003103724	0.004185945	0.000422651	6.8262E-05
 0.364713542	948.0376513	2898.829319	0.000171009	0.549871495	0.340947932	0.061649774	0.039934357	0.002955702	0.004140762	0.000429543	7.0435E-05
 0.364778646	940.4249426	2878.818555	0.000172197	0.55222091	0.341277237	0.060170486	0.038910273	0.002812965	0.004098886	0.000436602	7.26404E-05
 0.36484375	932.8080821	2858.769507	0.000173405	0.554544605	0.34158496	0.058718672	0.037897463	0.002675434	0.004060158	0.000443832	7.48756E-05
 0.364908854	925.1865156	2838.677989	0.000174632	0.556842548	0.34187185	0.057293719	0.036896065	0.002543026	0.004024416	0.000451238	7.71376E-05
 0.364973958	917.5596804	2818.539847	0.00017588	0.559114718	0.342138657	0.055895014	0.035906212	0.002415653	0.003991496	0.000458827	7.94236E-05
 0.365039062	909.9270077	2798.35096	0.000177149	0.561361106	0.34238613	0.054521943	0.034928032	0.002293224	0.003961231	0.000466604	8.17304E-05
 0.365104167	902.2879247	2778.107259	0.00017844	0.563581712	0.342615015	0.053173897	0.033961652	0.002175643	0.003933452	0.000474575	8.40544E-05
 0.365169271	894.6418572	2757.804733	0.000179753	0.565776545	0.342826051	0.051850273	0.033007193	0.002062814	0.003907987	0.000482745	8.63923E-05
 0.365234375	886.9882321	2737.439446	0.000181091	0.567945622	0.343019972	0.050550472	0.032064774	0.001954633	0.003884664	0.000491122	8.87403E-05
 0.365299479	879.32648	2717.007543	0.000182452	0.570088971	0.343197506	0.049273904	0.031134513	0.001850996	0.003863306	0.000499711	9.10946E-05
 0.365364583	871.6560385	2696.505265	0.00018384	0.572206624	0.343359366	0.048019987	0.030216523	0.001751796	0.003843735	0.000508519	9.3451E-05
 0.365429687	863.9763543	2675.928963	0.000185253	0.574298621	0.343506258	0.046788152	0.029310917	0.001656923	0.003825771	0.000517552	9.58055E-05
 0.365494792	856.2868873	2655.275105	0.000186694	0.576365011	0.343638874	0.045577841	0.028417807	0.001566265	0.003809232	0.000526817	9.81535E-05
 0.365559896	848.5871129	2634.540293	0.000188164	0.578405845	0.343757891	0.04438851	0.027537301	0.001479708	0.003793934	0.00053632	0.000100491
 0.365625	840.8765261	2613.721275	0.000189662	0.580421182	0.343863972	0.043219629	0.026669509	0.001397137	0.003779691	0.000546069	0.000102812
 0.365690104	833.154645	2592.814956	0.000191192	0.582411084	0.343957761	0.042070684	0.025814537	0.001318435	0.003766315	0.00055607	0.000105114
 0.365755208	825.4210142	2571.818413	0.000192753	0.584375618	0.344039886	0.040941181	0.024972495	0.001243484	0.003753617	0.00056633	0.000107389
 0.365820312	817.6752093	2550.728908	0.000194346	0.586314853	0.344110956	0.039830642	0.024143489	0.001172164	0.003741406	0.000576856	0.000109635
 0.365885417	809.9168403	2529.543902	0.000195974	0.588228862	0.344171558	0.038738607	0.023327626	0.001104358	0.00372949	0.000587654	0.000111845
 0.365950521	802.1455567	2508.261072	0.000197637	0.590117719	0.344222259	0.037664641	0.022525013	0.001039945	0.003717678	0.000598731	0.000114014
 0.366015625	794.3610516	2486.878318	0.000199336	0.591981502	0.344263604	0.036608325	0.021735759	0.000978805	0.003705774	0.000610095	0.000116136
 0.366080729	786.5630667	2465.393789	0.000201073	0.593820288	0.344296114	0.035569266	0.020959971	0.00092082	0.003693584	0.00062175	0.000118207
 0.366145833	778.7513972	2443.805888	0.000202849	0.595634154	0.344320288	0.034547092	0.020197758	0.000865869	0.003680916	0.000633704	0.00012022
 0.366210937	770.925897	2422.113296	0.000204666	0.597423179	0.344336598	0.033541454	0.019449228	0.000813835	0.003667574	0.000645961	0.00012217
 0.366276042	763.0864843	2400.314986	0.000206525	0.599187439	0.344345494	0.032552028	0.018714492	0.000764601	0.003653367	0.000658527	0.000124051
 0.366341146	755.2331474	2378.410238	0.000208427	0.600927012	0.344347398	0.031578513	0.01799366	0.00071805	0.003638102	0.000671407	0.000125858
 0.36640625	747.3659507	2356.39866	0.000210374	0.602641972	0.344342707	0.030620633	0.017286843	0.000674069	0.003621589	0.000684604	0.000127584
 0.366471354	739.4850411	2334.280206	0.000212367	0.604332391	0.344331793	0.029678137	0.01659415	0.000632542	0.003603642	0.000698121	0.000129223
 0.366536458	731.5906545	2312.055196	0.000214409	0.60599834	0.344314999	0.0287508	0.015915693	0.000593361	0.003584076	0.000711961	0.00013077
 0.366601562	723.6831228	2289.724334	0.0002165	0.607639885	0.344292643	0.02783842	0.015251582	0.000556415	0.003562712	0.000726125	0.000132219
 0.366666667	715.7628812	2267.288731	0.000218642	0.60925709	0.344265017	0.026940819	0.014601928	0.000521597	0.003539375	0.00074061	0.000133564
 0.366739909	707.8304759	2244.749926	0.000220837	0.610850015	0.344232384	0.026057847	0.013966838	0.000488803	0.003513897	0.000755417	0.0001348
 0.366813151	699.8865716	2222.109909	0.000223087	0.612418716	0.344194982	0.025189374	0.013346421	0.000457932	0.003486116	0.000770539	0.000135919
 0.366886393	691.9319599	2199.371147	0.000225394	0.613963246	0.344153024	0.024335297	0.012740783	0.000428883	0.003455878	0.000785972	0.000136918
 0.366959635	687.9509805	2187.969543	0.000226568	0.614728642	0.344130279	0.023912486	0.012442698	0.000414974	0.003439725	0.000793826	0.00013737
 0.367032878	683.9676663	2176.544431	0.000227758	0.615487959	0.34410639	0.023493343	0.012148376	0.000401492	0.003422895	0.000801755	0.000137789
 0.36710612	679.9821622	2165.096273	0.000228962	0.616241203	0.344081381	0.023077857	0.01185783	0.000388426	0.003405371	0.000809759	0.000138174
 0.367179362	675.9946227	2153.625567	0.000230181	0.616988378	0.34405527	0.022666021	0.01157107	0.000375764	0.003387138	0.000817834	0.000138525
 0.367252604	672.0052123	2142.132846	0.000231416	0.617729487	0.344028078	0.02225783	0.011288109	0.000363494	0.003368181	0.000825981	0.00013884
 0.367325846	668.0141058	2130.618681	0.000232667	0.618464536	0.343999821	0.021853277	0.011008957	0.000351606	0.003348486	0.000834196	0.00013912
 0.367399089	664.0214885	2119.083681	0.000233934	0.619193527	0.343970516	0.021452361	0.010733627	0.000340087	0.00332804	0.000842478	0.000139364
 0.367472331	660.0275568	2107.528494	0.000235216	0.619916464	0.343940176	0.021055078	0.010462129	0.000328928	0.003306831	0.000850824	0.00013957
 0.367545573	656.032518	2095.953805	0.000236515	0.62063335	0.343908813	0.020661429	0.010194473	0.000318117	0.003284848	0.000859231	0.000139739
 0.367618815	652.0365912	2084.360343	0.000237831	0.621344187	0.34387644	0.020271412	0.009930668	0.000307644	0.003262081	0.000867697	0.00013987
 0.367692057	648.040007	2072.748876	0.000239163	0.622048979	0.343843065	0.019885031	0.009670725	0.000297499	0.003238521	0.000876218	0.000139962
 0.367765299	644.0430083	2061.120216	0.000240512	0.622747726	0.343808697	0.019502288	0.009414651	0.000287672	0.00321416	0.000884791	0.000140015
 0.367838542	640.0458505	2049.475217	0.000241879	0.623440431	0.343773344	0.019123186	0.009162456	0.000278153	0.003188991	0.000893412	0.000140028
 0.367911784	636.0488017	2037.814777	0.000243263	0.624127095	0.34373701	0.018747731	0.008914147	0.000268933	0.003163008	0.000902075	0.000140001
 0.367985026	632.052143	2026.139839	0.000244665	0.62480772	0.3436997	0.018375928	0.008669731	0.000260002	0.003136208	0.000910778	0.000139933
 0.368058268	628.056169	2014.451394	0.000246084	0.625482306	0.343661417	0.018007785	0.008429214	0.000251351	0.003108588	0.000919514	0.000139824
 0.36813151	624.0611879	2002.750477	0.000247522	0.626150854	0.343622164	0.017643309	0.008192603	0.000242972	0.003080145	0.000928279	0.000139673
 0.368204753	620.0675221	1991.038173	0.000248978	0.626813364	0.343581941	0.017282509	0.007959901	0.000234856	0.00305088	0.000937067	0.000139481
 0.368277995	616.0755083	1979.315614	0.000250453	0.627469837	0.343540749	0.016925394	0.007731115	0.000226995	0.003020794	0.000945871	0.000139245
 0.368351237	612.0854976	1967.583983	0.000251946	0.628120271	0.343498586	0.016571976	0.007506245	0.00021938	0.002989889	0.000954685	0.000138968
 0.368424479	608.0978565	1955.844512	0.000253458	0.628764668	0.34345545	0.016222263	0.007285296	0.000212003	0.002958171	0.000963502	0.000138647
 0.368497721	604.1129664	1944.098487	0.000254989	0.629403025	0.343411339	0.015876269	0.007068269	0.000204857	0.002925644	0.000972314	0.000138282
 0.368570964	600.1312244	1932.347243	0.00025654	0.630035343	0.34336625	0.015534006	0.006855164	0.000197935	0.002892317	0.000981113	0.000137874
 0.368644206	596.1530433	1920.59217	0.00025811	0.630661619	0.343320177	0.015195485	0.006645981	0.000191228	0.002858197	0.000989891	0.000137422
 0.368717448	592.1788521	1908.834713	0.0002597	0.631281853	0.343273116	0.014860721	0.006440718	0.000184731	0.002823297	0.000998638	0.000136926
 0.36879069	588.2090963	1897.076368	0.00026131	0.631896043	0.343225062	0.014529726	0.006239373	0.000178436	0.002787628	0.001007346	0.000136386
 0.368863932	584.2442376	1885.31869	0.000262939	0.632504187	0.343176009	0.014202516	0.006041942	0.000172337	0.002751205	0.001016003	0.000135802
 0.368937174	580.284755	1873.563288	0.000264589	0.633106283	0.343125951	0.013879104	0.00584842	0.000166427	0.002714043	0.001024599	0.000135173
 0.369010417	576.3311441	1861.811829	0.000266259	0.63370233	0.34307488	0.013559505	0.005658801	0.0001607	0.00267616	0.001033123	0.0001345
 0.369083659	572.3839181	1850.066035	0.00026795	0.634292325	0.343022791	0.013243734	0.005473078	0.000155151	0.002637576	0.001041564	0.000133782
 0.369156901	568.4436074	1838.327689	0.000269661	0.634876265	0.342969676	0.012931805	0.005291241	0.000149774	0.002598311	0.001049908	0.00013302
 0.369230143	564.5107599	1826.598629	0.000271392	0.635454149	0.342915529	0.012623734	0.005113281	0.000144562	0.002558388	0.001058143	0.000132214
 0.369303385	560.5859413	1814.880753	0.000273144	0.636025974	0.342860342	0.012319536	0.004939186	0.000139511	0.002517833	0.001066255	0.000131364
 0.369376628	556.669735	1803.176019	0.000274918	0.636591737	0.342804109	0.012019226	0.004768942	0.000134616	0.00247667	0.001074229	0.000130469
 0.36944987	552.7627422	1791.486442	0.000276711	0.637151436	0.342746822	0.01172282	0.004602537	0.000129871	0.002434929	0.001082053	0.000129532
 0.369523112	548.865582	1779.814097	0.000278526	0.637705068	0.342688477	0.011430331	0.004439953	0.000125273	0.002392639	0.001089709	0.000128551
 0.369596354	544.9788911	1768.161116	0.000280362	0.638252631	0.342629066	0.011141776	0.004281172	0.000120815	0.002349831	0.001097182	0.000127527
 0.369669596	541.1033241	1756.529693	0.000282218	0.638794122	0.342568585	0.010857168	0.004126177	0.000116495	0.002306538	0.001104456	0.000126461
 0.369742839	537.2395532	1744.922078	0.000284096	0.639329537	0.342507029	0.010576522	0.003974946	0.000112307	0.002262794	0.001111513	0.000125352
 0.369816081	533.388268	1733.340579	0.000285994	0.639858876	0.342444393	0.010299852	0.003827457	0.000108248	0.002218636	0.001118336	0.000124203
 0.369889323	529.5501755	1721.787562	0.000287913	0.640382135	0.342380674	0.010027172	0.003683685	0.000104314	0.002174101	0.001124908	0.000123012
 0.369962565	525.7259997	1710.265449	0.000289852	0.640899313	0.34231587	0.009758495	0.003543605	0.0001005	0.002129226	0.00113121	0.000121781
 0.370035807	521.9164811	1698.776717	0.000291813	0.641410407	0.342249978	0.009493834	0.00340719	9.68047E-05	0.002084054	0.001137222	0.000120511
 0.370109049	518.1223768	1687.323897	0.000293793	0.641915414	0.342183	0.009233201	0.003274411	9.32229E-05	0.002038623	0.001142926	0.000119202
 0.370182292	514.3444594	1675.909575	0.000295794	0.642414335	0.342114934	0.00897661	0.003145236	8.97518E-05	0.001992977	0.001148302	0.000117855
 0.370255534	510.583517	1664.536386	0.000297815	0.642907166	0.342045784	0.008724069	0.003019634	8.63883E-05	0.001947158	0.00115333	0.000116471
 0.370328776	506.8403527	1653.207013	0.000299856	0.643393907	0.341975551	0.008475592	0.00289757	8.31293E-05	0.001901211	0.00115799	0.000115051
 0.370402018	503.1157832	1641.924189	0.000301917	0.643874557	0.34190424	0.008231186	0.002779007	7.99719E-05	0.00185518	0.001162261	0.000113596
 0.37047526	499.410639	1630.690691	0.000303997	0.644349116	0.341831857	0.007990863	0.002663909	7.69134E-05	0.001809111	0.001166125	0.000112107
 0.370621745	495.7257628	1619.509338	0.000306096	0.644817582	0.341758409	0.00775463	0.002552236	7.39509E-05	0.001763048	0.001169559	0.000110585
 0.370768229	492.0620091	1608.382987	0.000308213	0.645279957	0.341683905	0.007522494	0.002443948	7.1082E-05	0.001717039	0.001172543	0.000109031
 0.370914714	488.4202429	1597.314533	0.000310349	0.645736241	0.341608355	0.007294464	0.002339	6.83042E-05	0.001671129	0.001175058	0.000107448
 0.371061198	484.801339	1586.306904	0.000312502	0.646186435	0.341531772	0.007070545	0.00223735	6.56151E-05	0.001625364	0.001177084	0.000105835
 0.37113444	481.2061804	1575.363056	0.000314673	0.646630541	0.341454168	0.006850742	0.002138951	6.30124E-05	0.001579792	0.0011786	0.000104194
 0.371207682	477.6356573	1564.485972	0.000316861	0.647068561	0.341375559	0.006635059	0.002043756	6.04938E-05	0.001534457	0.001179587	0.000102527
 0.371280924	474.0906658	1553.678653	0.000319065	0.647500497	0.341295961	0.006423499	0.001951716	5.80573E-05	0.001489406	0.001180027	0.000100836
 0.371354167	472.3281344	1548.303221	0.000320173	0.647714581	0.341255711	0.006319088	0.001906779	5.68671E-05	0.001466962	0.001180033	9.99794E-05
 0.371427409	470.5723742	1542.946538	0.000321284	0.647927135	0.341215209	0.006215726	0.001862616	5.56969E-05	0.001444608	0.001179892	9.91174E-05
 0.371500651	468.8234994	1537.608985	0.0003224	0.648138159	0.341174458	0.006113413	0.00181922	5.45464E-05	0.001422349	0.001179604	9.82498E-05
 0.371573893	467.0816241	1532.290945	0.000323519	0.648347655	0.341133462	0.006012149	0.001776585	5.34154E-05	0.00140019	0.001179166	9.7377E-05
 0.371647135	465.3468626	1526.9928	0.000324641	0.648555623	0.341092224	0.005911934	0.001734705	5.23036E-05	0.001378137	0.001178576	9.64991E-05
 0.371720378	463.619329	1521.714933	0.000325767	0.648762062	0.341050746	0.005812766	0.001693572	5.12109E-05	0.001356195	0.001177831	9.56164E-05
 0.37179362	461.8991374	1516.457727	0.000326896	0.648966975	0.341009033	0.005714645	0.001653179	5.01369E-05	0.00133437	0.001176932	9.47289E-05
 0.371866862	460.1864016	1511.221563	0.000328029	0.649170362	0.340967087	0.005617572	0.00161352	4.90814E-05	0.001312667	0.001175874	9.3837E-05
 0.371940104	458.4812354	1506.006823	0.000329165	0.649372223	0.340924913	0.005521544	0.001574587	4.80443E-05	0.00129109	0.001174658	9.29408E-05
 0.372013346	456.7837522	1500.813887	0.000330304	0.64957256	0.340882513	0.005426562	0.001536374	4.70252E-05	0.001269646	0.00117328	9.20406E-05
 0.372086589	455.0940651	1495.643137	0.000331446	0.649771373	0.340839893	0.005332624	0.001498872	4.60239E-05	0.001248338	0.00117174	9.11366E-05
 0.372159831	453.4122869	1490.494951	0.000332591	0.649968663	0.340797055	0.005239729	0.001462076	4.50403E-05	0.001227173	0.001170035	9.02289E-05
 0.372233073	451.7385297	1485.369706	0.000333738	0.650164432	0.340754003	0.005147876	0.001425977	4.4074E-05	0.001206154	0.001168166	8.93179E-05
 0.372306315	450.0729055	1480.267778	0.000334889	0.65035868	0.340710743	0.005057065	0.001390569	4.31249E-05	0.001185286	0.001166129	8.84037E-05
 0.372379557	448.4155253	1475.189543	0.000336041	0.650551408	0.340667277	0.004967294	0.001355843	4.21928E-05	0.001164575	0.001163924	8.74866E-05
 0.372452799	446.7664997	1470.135373	0.000337197	0.650742618	0.340623611	0.00487856	0.001321792	4.12774E-05	0.001144024	0.00116155	8.65668E-05
 0.372526042	445.1259386	1465.105637	0.000338354	0.650932312	0.340579748	0.004790864	0.001288409	4.03786E-05	0.001123638	0.001159006	8.56444E-05
 0.372599284	443.493951	1460.100706	0.000339514	0.65112049	0.340535694	0.004704203	0.001255686	3.9496E-05	0.001103421	0.00115629	8.47198E-05
 0.372672526	441.8706452	1455.120943	0.000340676	0.651307154	0.340491452	0.004618576	0.001223615	3.86296E-05	0.001083377	0.001153403	8.37932E-05
 0.372745768	440.2561285	1450.166712	0.00034184	0.651492305	0.340447028	0.004533981	0.00119219	3.77791E-05	0.00106351	0.001150342	8.28647E-05
 0.37281901	438.6505072	1445.238373	0.000343005	0.651675946	0.340402426	0.004450415	0.001161401	3.69443E-05	0.001043825	0.001147109	8.19347E-05
 0.372892253	437.0538868	1440.336282	0.000344173	0.651858077	0.340357651	0.004367878	0.001131241	3.6125E-05	0.001024324	0.001143701	8.10032E-05
 0.372965495	435.4663714	1435.460793	0.000345342	0.6520387	0.340312708	0.004286366	0.001101703	3.5321E-05	0.001005012	0.001140119	8.00707E-05
 0.373038737	433.8880641	1430.612256	0.000346512	0.652217818	0.340267602	0.004205877	0.001072779	3.4532E-05	0.000985891	0.001136363	7.91372E-05
 0.373111979	432.3190666	1425.791016	0.000347684	0.652395433	0.340222339	0.004126409	0.00104446	3.3758E-05	0.000966966	0.001132432	7.82031E-05
 0.373185221	430.7594797	1420.997416	0.000348857	0.652571546	0.340176922	0.00404796	0.001016739	3.29987E-05	0.000948239	0.001128327	7.72684E-05
 0.373258464	429.2094023	1416.231792	0.000350031	0.652746159	0.340131358	0.003970527	0.000989608	3.22539E-05	0.000929714	0.001124047	7.63336E-05
 0.373331706	427.6689321	1411.494478	0.000351206	0.652919274	0.340085652	0.003894106	0.000963059	3.15234E-05	0.000911393	0.001119593	7.53987E-05
 0.373404948	426.1381654	1406.785803	0.000352381	0.653090895	0.34003981	0.003818696	0.000937084	3.08071E-05	0.00089328	0.001114965	7.44641E-05
 0.37347819	424.6171968	1402.106088	0.000353557	0.653261023	0.339993836	0.003744292	0.000911675	3.01047E-05	0.000875376	0.001110164	7.35299E-05
 0.373551432	423.1061192	1397.455653	0.000354734	0.653429661	0.339947736	0.003670892	0.000886824	2.9416E-05	0.000857684	0.001105191	7.25964E-05
 0.373624674	421.6050239	1392.834811	0.000355911	0.653596811	0.339901516	0.003598493	0.000862523	2.87408E-05	0.000840207	0.001100046	7.16638E-05
 0.373697917	420.1140004	1388.243869	0.000357088	0.653762476	0.339855182	0.003527091	0.000838764	2.80791E-05	0.000822947	0.001094729	7.07322E-05
 0.373771159	418.6331364	1383.683127	0.000358265	0.653926659	0.339808739	0.003456682	0.000815539	2.74305E-05	0.000805905	0.001089244	6.98021E-05
 0.373844401	417.1625177	1379.152882	0.000359441	0.654089363	0.339762192	0.003387263	0.00079284	2.67949E-05	0.000789085	0.001083589	6.88734E-05
 0.373917643	415.702228	1374.653423	0.000360618	0.65425059	0.339715549	0.003318829	0.00077066	2.61721E-05	0.000772486	0.001077768	6.79466E-05
 0.373990885	414.2523491	1370.185033	0.000361794	0.654410344	0.339668814	0.003251377	0.000748989	2.55619E-05	0.000756111	0.00107178	6.70217E-05
 0.374064128	412.8129608	1365.747987	0.000362969	0.654568628	0.339621994	0.003184903	0.000727821	2.49642E-05	0.000739962	0.001065629	6.6099E-05
 0.37413737	411.3841405	1361.342556	0.000364144	0.654725445	0.339575094	0.003119402	0.000707146	2.43787E-05	0.000724039	0.001059316	6.51788E-05
 0.374210612	409.9659638	1356.969001	0.000365318	0.654880799	0.33952812	0.003054869	0.000686958	2.38053E-05	0.000708344	0.001052843	6.42611E-05
 0.374283854	408.5585036	1352.627579	0.00036649	0.655034693	0.339481079	0.002991301	0.000667249	2.32438E-05	0.000692878	0.001046211	6.33464E-05
 0.374357096	407.1618309	1348.318537	0.000367661	0.65518713	0.339433977	0.002928692	0.000648009	2.2694E-05	0.00067764	0.001039423	6.24346E-05
 0.374430339	405.7760141	1344.042115	0.000368831	0.655338115	0.339386818	0.002867037	0.000629233	2.21558E-05	0.000662633	0.001032482	6.15261E-05
 0.374503581	404.4011191	1339.798547	0.000369999	0.655487652	0.339339611	0.002806331	0.000610911	2.16289E-05	0.000647857	0.001025389	6.06211E-05
 0.374576823	403.0372097	1335.588056	0.000371166	0.655635743	0.339292359	0.00274657	0.000593035	2.11132E-05	0.000633311	0.001018148	5.97197E-05
 0.374650065	401.684347	1331.410861	0.00037233	0.655782394	0.339245071	0.002687747	0.000575599	2.06085E-05	0.000618997	0.001010761	5.88221E-05
 0.374723307	400.3425894	1327.267169	0.000373493	0.655927608	0.339197751	0.002629857	0.000558595	2.01146E-05	0.000604914	0.001003231	5.79286E-05
 0.374796549	399.0119929	1323.157182	0.000374653	0.656071391	0.339150407	0.002572895	0.000542014	1.96314E-05	0.000591062	0.000995561	5.70393E-05
 0.374869792	396.3842376	1315.03723	0.000376966	0.656354215	0.339055845	0.002461884	0.00051015	1.86976E-05	0.000564088	0.000979843	5.52767E-05
 0.374943034	393.8013681	1307.053089	0.000379269	0.656631412	0.338961292	0.002354448	0.000479879	1.78039E-05	0.000538023	0.00096361	5.35329E-05
 0.375016276	391.2637372	1299.206064	0.00038156	0.656903019	0.338866792	0.002250538	0.000451143	1.69489E-05	0.00051286	0.00094689	5.18091E-05
 0.375089518	388.7716535	1291.497318	0.000383837	0.657169078	0.338772392	0.002150105	0.000423883	1.61313E-05	0.000488593	0.000929711	5.01068E-05
 0.37516276	386.3253815	1283.927871	0.0003861	0.657429629	0.338678136	0.002053098	0.000398041	1.53498E-05	0.000465214	0.000912104	4.84273E-05
 0.375236003	383.9251403	1276.498597	0.000388347	0.657684718	0.338584071	0.001959462	0.000373562	1.46032E-05	0.000442711	0.000894101	4.67719E-05
 0.375309245	381.5711036	1269.210221	0.000390577	0.657934389	0.33849024	0.001869141	0.000350388	1.38902E-05	0.000421074	0.000875735	4.51418E-05
 0.375382487	379.2633994	1262.063322	0.000392789	0.658178692	0.33839669	0.001782076	0.000328467	1.32096E-05	0.000400288	0.000857039	4.35382E-05
 0.375455729	377.0021095	1255.058328	0.000394981	0.658417674	0.338303464	0.001698207	0.000307745	1.25601E-05	0.000380338	0.000838049	4.19621E-05
 0.375602214	374.7872702	1248.195519	0.000397153	0.658651387	0.338210606	0.001617472	0.00028817	1.19407E-05	0.000361209	0.000818801	4.04146E-05
 0.375748698	372.6188721	1241.475027	0.000399303	0.658879883	0.338118159	0.001539806	0.000269691	1.13501E-05	0.000342883	0.000799331	3.88967E-05
 0.375895182	370.4968606	1234.896836	0.00040143	0.659103218	0.338026167	0.001465145	0.000252258	1.07872E-05	0.000325342	0.000779675	3.74092E-05
 0.376041667	368.4211365	1228.460785	0.000403533	0.659321446	0.33793467	0.00139342	0.000235825	1.02509E-05	0.000308565	0.00075987	3.59529E-05
 0.376188151	366.3915569	1222.166572	0.000405611	0.659534626	0.337843709	0.001324564	0.000220344	9.74016E-06	0.000292534	0.000739954	3.45287E-05
 0.376334635	364.4079357	1216.013751	0.000407664	0.659742816	0.337753327	0.001258507	0.000205769	9.25389E-06	0.000277227	0.000719963	3.31372E-05
 0.37648112	362.470045	1210.00174	0.000409689	0.659946078	0.337663561	0.001195177	0.000192058	8.79105E-06	0.000262624	0.000699933	3.1779E-05
 0.376627604	360.5776161	1204.129826	0.000411687	0.660144472	0.33757445	0.001134505	0.000179167	8.35067E-06	0.000248701	0.000679899	3.04547E-05
 0.376774089	358.7303406	1198.397163	0.000413656	0.660338063	0.337486033	0.001076417	0.000167055	7.93176E-06	0.000235439	0.000659897	2.91646E-05
 0.376920573	356.9278722	1192.802781	0.000415597	0.660526914	0.337398346	0.00102084	0.000155683	7.53339E-06	0.000222813	0.000639962	2.79093E-05
 0.377067057	355.1698278	1187.345591	0.000417507	0.660711092	0.337311424	0.000967702	0.000145012	7.15465E-06	0.000210802	0.000620125	2.6689E-05
 0.377213542	353.4557893	1182.024386	0.000419386	0.660890663	0.337225301	0.000916928	0.000135005	6.79465E-06	0.000199384	0.00060042	2.55039E-05
 0.377360026	351.785305	1176.83785	0.000421234	0.661065696	0.337140013	0.000868445	0.000125628	6.45255E-06	0.000188535	0.000580877	2.43542E-05
 0.37750651	350.1578918	1171.784565	0.000423051	0.661236258	0.337055589	0.00082218	0.000116846	6.12751E-06	0.000178235	0.000561525	2.32399E-05
 0.377652995	348.5730367	1166.863009	0.000424835	0.661402421	0.336972062	0.00077806	0.000108626	5.81875E-06	0.00016846	0.000542392	2.21612E-05
 0.377799479	347.0301984	1162.071572	0.000426587	0.661564254	0.336889461	0.000736011	0.000100937	5.5255E-06	0.00015919	0.000523504	2.11178E-05
 0.377945964	345.5288097	1157.408555	0.000428306	0.66172183	0.336807815	0.000695961	9.37489E-05	5.24703E-06	0.000150402	0.000504887	2.01098E-05
 0.378092448	344.068279	1152.872178	0.000429991	0.661875219	0.336727151	0.000657839	8.70335E-05	4.98262E-06	0.000142076	0.000486562	1.91368E-05
 0.378238932	342.6479922	1148.460586	0.000431643	0.662024494	0.336647495	0.000621574	8.07632E-05	4.73161E-06	0.000134192	0.000468552	1.81986E-05
 0.378385417	341.2673148	1144.171858	0.000433261	0.662169729	0.33656887	0.000587095	7.49119E-05	4.49334E-06	0.000126729	0.000450876	1.72949E-05
 0.378531901	339.9255939	1140.004006	0.000434845	0.662310997	0.336491302	0.000554335	6.94547E-05	4.26719E-06	0.000119667	0.000433551	1.64253E-05
 0.378678385	338.6221597	1135.954991	0.000436395	0.662448372	0.33641481	0.000523225	6.43679E-05	4.05255E-06	0.000112989	0.000416594	1.55893E-05
 0.37882487	337.3563274	1132.022719	0.000437911	0.662581928	0.336339416	0.000493699	5.9629E-05	3.84887E-06	0.000106675	0.000400019	1.47865E-05
 0.378971354	336.1273995	1128.205056	0.000439392	0.662711738	0.336265138	0.000465691	5.52167E-05	3.65559E-06	0.000100707	0.000383838	1.40163E-05
 0.379117839	334.934667	1124.499825	0.00044084	0.662837877	0.336191993	0.000439139	5.11105E-05	3.47219E-06	9.50687E-05	0.000368061	1.3278E-05
 0.379264323	333.7774116	1120.904819	0.000442254	0.66296042	0.336119999	0.000413979	4.72913E-05	3.29818E-06	8.97432E-05	0.000352698	1.2571E-05
 0.379410807	332.6549069	1117.417802	0.000443634	0.66307944	0.336049168	0.000390151	4.37409E-05	3.13307E-06	8.47145E-05	0.000337757	1.18947E-05
 0.379557292	331.5664205	1114.036517	0.000444981	0.663195012	0.335979515	0.000367597	4.0442E-05	2.97643E-06	7.99672E-05	0.000323242	1.12484E-05
 0.379703776	330.5112155	1110.758688	0.000446294	0.663307209	0.335911051	0.000346258	3.73784E-05	2.82782E-06	7.54867E-05	0.000309158	1.06312E-05
 0.37985026	329.4885514	1107.58203	0.000447574	0.663416105	0.335843785	0.000326078	3.45346E-05	2.68682E-06	7.12587E-05	0.000295509	1.00424E-05
 0.379996745	328.4976866	1104.504246	0.000448821	0.663521773	0.335777727	0.000307005	3.18962E-05	2.55305E-06	6.72699E-05	0.000282294	9.48121E-06
 0.380143229	327.5378786	1101.523039	0.000450036	0.663624286	0.335712885	0.000288985	2.94494E-05	2.42615E-06	6.35073E-05	0.000269515	8.94682E-06
 0.380436198	326.6083864	1098.636112	0.000451218	0.663723716	0.335649262	0.000271968	2.71814E-05	2.30574E-06	5.99586E-05	0.00025717	8.43839E-06
 0.380729167	325.7084707	1095.841173	0.000452369	0.663820135	0.335586865	0.000255905	2.508E-05	2.19152E-06	5.66121E-05	0.000245256	7.95507E-06
 0.381022135	324.8373959	1093.13594	0.000453489	0.663913614	0.335525696	0.000240749	2.3134E-05	2.08314E-06	5.34566E-05	0.000233771	7.49601E-06
 0.381315104	323.9944307	1090.518141	0.000454577	0.664004224	0.335465757	0.000226455	2.13325E-05	1.98031E-06	5.04814E-05	0.00022271	7.06035E-06
 0.381608073	323.1788491	1087.985522	0.000455635	0.664092034	0.335407048	0.000212979	1.96656E-05	1.88276E-06	4.76766E-05	0.000212067	6.64724E-06
 0.381901042	322.3899318	1085.535847	0.000456664	0.664177113	0.335349568	0.000200279	1.81238E-05	1.79019E-06	4.50325E-05	0.000201837	6.25581E-06
 0.38219401	321.6269663	1083.166899	0.000457662	0.664259531	0.335293315	0.000188315	1.66983E-05	1.70236E-06	4.25401E-05	0.000192013	5.88523E-06
 0.382486979	320.8892484	1080.876489	0.000458632	0.664339354	0.335238285	0.000177049	1.53809E-05	1.61902E-06	4.01907E-05	0.000182586	5.53463E-06
 0.382779948	320.1760825	1078.662452	0.000459573	0.664416649	0.335184475	0.000166444	1.41638E-05	1.53994E-06	3.79762E-05	0.00017355	5.2032E-06
 0.383072917	319.4867825	1076.522651	0.000460487	0.664491481	0.335131877	0.000156464	1.30398E-05	1.4649E-06	3.58889E-05	0.000164894	4.89011E-06
 0.383658854	318.8206722	1074.454982	0.000461373	0.664563917	0.335080486	0.000147075	1.20022E-05	1.3937E-06	3.39215E-05	0.000156611	4.59455E-06
 0.384244792	318.177086	1072.457372	0.000462233	0.664634019	0.335030292	0.000138246	1.10446E-05	1.32612E-06	3.20672E-05	0.00014869	4.31573E-06
 0.384830729	317.5553693	1070.527781	0.000463066	0.66470185	0.334981288	0.000129945	1.01613E-05	1.26199E-06	3.03193E-05	0.000141121	4.05288E-06
 0.385123698	316.9548788	1068.664205	0.000463873	0.664767473	0.334933464	0.000122144	9.34663E-06	1.20113E-06	2.86718E-05	0.000133895	3.80524E-06
 0.385416667	316.3749833	1066.864678	0.000464656	0.664830947	0.334886808	0.000114814	8.59563E-06	1.14337E-06	2.71188E-05	0.000127002	3.57208E-06
 0.386002604	315.8150632	1065.127268	0.000465414	0.664892334	0.334841308	0.000107928	7.9035E-06	1.08855E-06	2.56549E-05	0.00012043	3.35268E-06
 0.386588542	315.2745118	1063.450084	0.000466148	0.664951691	0.334796953	0.000101463	7.26583E-06	1.03653E-06	2.4275E-05	0.000114169	3.14637E-06
 0.387174479	314.7527346	1061.831274	0.000466858	0.665009077	0.334753729	9.53928E-05	6.67851E-06	9.87143E-07	2.29741E-05	0.000108209	2.95245E-06
 0.387760417	314.2491501	1060.269025	0.000467546	0.665064547	0.334711622	8.96956E-05	6.13774E-06	9.40271E-07	2.17478E-05	0.000102539	2.7703E-06
 0.388932292	313.2939376	1057.305814	0.000468856	0.665169912	0.334630762	7.93295E-05	5.18486E-06	8.53569E-07	1.95022E-05	9.20171E-05	2.43851E-06
 0.390104167	312.4036949	1054.544491	0.000470084	0.665268387	0.334554147	7.01718E-05	4.37726E-06	7.75243E-07	1.75E-05	8.24962E-05	2.14531E-06
 0.391276042	311.5743888	1051.972501	0.000471233	0.665360371	0.334481639	6.20882E-05	3.69342E-06	7.04477E-07	1.57141E-05	7.39023E-05	1.88672E-06
 0.392447917	310.802182	1049.577895	0.000472309	0.665446248	0.334413095	5.49585E-05	3.1149E-06	6.40537E-07	1.4121E-05	6.61629E-05	1.65905E-06
 0.393619792	310.0834317	1047.349331	0.000473314	0.665526381	0.334348369	4.86745E-05	2.62585E-06	5.82761E-07	1.26994E-05	5.92082E-05	1.45894E-06
 0.394791667	309.4146865	1045.276064	0.000474252	0.66560112	0.334287312	4.31395E-05	2.21275E-06	5.30552E-07	1.14305E-05	5.29713E-05	1.28332E-06
 0.395963542	308.7926824	1043.347932	0.000475129	0.665670795	0.334229775	3.82673E-05	1.86401E-06	4.83372E-07	1.02977E-05	4.7389E-05	1.12942E-06
 0.397135417	308.2143378	1041.555342	0.000475947	0.665735719	0.334175607	3.39808E-05	1.56977E-06	4.40735E-07	9.28628E-06	4.24017E-05	9.94713E-07
 0.398307292	307.6767474	1039.889252	0.000476709	0.665796193	0.334124658	3.02115E-05	1.32163E-06	4.02204E-07	8.38296E-06	3.79536E-05	8.7696E-07
 0.399479167	307.1771768	1038.341151	0.00047742	0.665852497	0.334076781	2.68986E-05	1.11243E-06	3.67382E-07	7.57609E-06	3.3993E-05	7.74136E-07
 0.401822917	306.7130549	1036.903041	0.000478082	0.6659049	0.334031829	2.39879E-05	9.36116E-07	3.35914E-07	6.85528E-06	3.04718E-05	6.84439E-07
 0.404166667	305.88051	1034.323489	0.000479274	0.665999048	0.333950119	1.91701E-05	6.65421E-07	2.81692E-07	5.63434E-06	2.45435E-05	5.37495E-07
 0.406510417	305.1590806	1032.088466	0.000480312	0.666080843	0.333878151	1.53998E-05	4.72246E-07	2.36991E-07	4.64891E-06	1.98236E-05	4.24215E-07
 0.408854167	303.9881377	1028.460863	0.000482006	0.666213838	0.333759176	1.00835E-05	2.45729E-07	1.69325E-07	3.20286E-06	1.30164E-05	2.67903E-07
 0.411197917	303.0954412	1025.695386	0.000483306	0.666315496	0.333666596	6.67485E-06	1.28382E-07	1.21872E-07	2.22501E-06	8.58736E-06	1.70803E-07
 0.413541667	302.4158565	1023.590116	0.0004843	0.666393004	0.333594932	4.49394E-06	6.67244E-08	8.86093E-08	1.56335E-06	5.74089E-06	1.10853E-07
 0.415885417	301.4928592	1020.730278	0.000485657	0.666498218	0.333496088	2.12697E-06	2.20841E-08	4.8103E-08	7.98648E-07	2.64942E-06	4.89466E-08
 0.418229167	300.9276284	1018.978469	0.000486492	0.666562552	0.333434747	1.01377E-06	8.02233E-09	2.62675E-08	4.09884E-07	1.22157E-06	2.16504E-08
 0.422916667	300.5819626	1017.906767	0.000487004	0.66660176	0.33339694	4.90798E-07	3.23181E-09	1.45086E-08	2.12216E-07	5.69835E-07	9.68253E-09
 0.427604167	300.3707428	1017.251607	0.000487318	0.666625599	0.333373756	2.4498E-07	1.43362E-09	8.18077E-09	1.11795E-07	2.73961E-07	4.45117E-09
 0.432291667	300.2417395	1016.851252	0.00048751	0.666640071	0.333359592	1.29212E-07	6.82214E-10	4.77724E-09	6.08792E-08	1.39807E-07	2.16819E-09
 0.436979167	300.1098801	1016.441712	0.000487706	0.666654728	0.333345164	4.17529E-08	2.11097E-10	1.80476E-09	2.03866E-08	4.29408E-08	6.14974E-10
 0.441666667	300.0519545	1016.261624	0.000487792	0.666661094	0.33333887	1.43082E-08	7.00957E-11	7.12127E-10	6.98932E-09	1.4041E-08	1.82339E-10
 0.451041667	300.0265138	1016.182447	0.00048783	0.666663855	0.333336131	5.65634E-09	2.47538E-11	3.10606E-10	2.57362E-09	5.3587E-09	6.19051E-11
 0.460416667	300.0090624	1016.128065	0.000487856	0.666665721	0.333334276	1.44115E-09	4.84518E-12	8.64686E-11	5.22292E-10	1.31879E-09	1.26434E-11
 0.479166667	300.0018385	1016.105517	0.000487867	0.666666478	0.333333521	2.11369E-10	4.35199E-13	1.37862E-11	4.78938E-11	1.87381E-10	1.42276E-12
 0.516666667	300.0001708	1016.100303	0.00048787	0.66666665	0.33333335	1.25562E-11	1.60489E-14	9.69293E-13	1.76975E-12	1.06418E-11	6.78365E-14
 0.591666667	300.0000173	1016.099822	0.00048787	0.666666665	0.333333335	7.96953E-13	5.22415E-16	7.4636E-14	5.79255E-14	6.44899E-13	3.56762E-15
 0.666666667	300.0000011	1016.099771	0.00048787	0.666666667	0.333333333	2.93332E-14	8.59431E-18	3.50496E-15	9.5274E-16	2.24051E-14	1.11366E-16
 0.741666667	300.0000001	1016.099768	0.00048787	0.666666667	0.333333333	9.25249E-16	7.8E-20		1.40514E-16	8.53556E-18	6.52862E-16	1.26138E-18
 0.816666667	300		1016.099768	0.00048787	0.666666667	0.333333333	2.081E-17	2.40977E-22	-4.60383E-19	2.77884E-20	3.91607E-18	-1.83936E-18
 0.929166667	300		1016.099768	0.00048787	0.666666667	0.333333333	6.60109E-18	4.96995E-22	-3.46621E-18	6.12529E-20	-5.53605E-18	-1.88488E-18
 1		300		1016.099768	0.00048787	0.666666667	0.333333333	6.05966E-18	8.49974E-21	-3.52783E-18	5.56909E-19	-6.01297E-18	-1.88669E-18
