1
1
16
0
(15 0
((16648,464) (16655,471) (0,0))
((16656,464) (16663,471) (0,0))
((16664,464) (16671,471) (0,0))
((16664,472) (16671,479) (0,0))
((16664,480) (16671,487) (0,0))
((15248,968) (15255,975) (0,0))
((15256,968) (15263,975) (0,0))
((15248,976) (15255,983) (0,0))
((15256,976) (15263,983) (0,0))
((14984,1000) (14991,1007) (0,0))
((14992,1000) (14999,1007) (0,0))
((14984,1008) (14991,1015) (0,0))
((14992,1008) (14999,1015) (0,0))
((14984,1016) (14991,1023) (0,0))
((14992,1016) (14999,1023) (0,0))
)
15
FabOnDisk: Cell_D_00026 0
FabOnDisk: Cell_D_00015 0
FabOnDisk: Cell_D_00004 0
FabOnDisk: Cell_D_00028 0
FabOnDisk: Cell_D_00029 0
FabOnDisk: Cell_D_00019 0
FabOnDisk: Cell_D_00008 0
FabOnDisk: Cell_D_00022 0
FabOnDisk: Cell_D_00024 0
FabOnDisk: Cell_D_00030 0
FabOnDisk: Cell_D_00016 0
FabOnDisk: Cell_D_00023 0
FabOnDisk: Cell_D_00021 0
FabOnDisk: Cell_D_00002 0
FabOnDisk: Cell_D_00017 0

15,16
1.6533975958702937e-04,4.9998130056089147e+00,-1.8987337007482100e-01,1.7518884132462413e+03,2.4357882009533467e+06,2.2894659604644166e-02,1.4909081483774483e-01,4.1975623064465756e-01,9.0452369827830389e-03,3.2674421467162817e-02,3.9577631188843956e-02,1.2183402309024520e-04,5.6245371766551084e-05,0.0000000000000000e+00,3.0239629101294169e+04,-8.3978417685649549e+02,
2.3671799030952986e-04,8.0824551945262222e+00,-1.5911843865396689e+00,5.6337856538905532e+02,2.4410670853009508e+06,4.7950238014011659e-02,5.0502615052702315e-01,1.3554780914244816e-04,2.2177662169758807e-06,2.5733030119518592e-06,6.8591744245482172e-05,5.4811443898667832e-04,9.8122863482057998e-05,0.0000000000000000e+00,3.4143814688345788e+04,-2.5538173472634116e+03,
6.7974008442514859e-04,2.6588910884856535e+01,-2.3320730845026514e+00,3.8585154860982010e+02,2.4441430559811895e+06,1.1111211453861777e-01,8.8424946421160289e-01,6.8154465515849625e-08,2.5995033024218296e-10,1.6159331450149086e-09,1.4488371996097947e-08,6.9784622984503928e-04,1.1175330834053774e-04,0.0000000000000000e+00,3.9106226971163924e+04,-2.5967859426671084e+03,
4.2020642363188761e-04,1.5951420319572488e+01,-1.9249659824449523e+00,4.3149050521852240e+02,2.4379809328914387e+06,1.0115004068880575e-01,8.4715528176301225e-01,1.0993114257674566e-05,2.0373366653197785e-07,3.0757340800981025e-07,2.4649916796825405e-06,2.3777568844531283e-03,1.6173553132053478e-04,0.0000000000000000e+00,3.7960914975317872e+04,-2.3902070515689720e+03,
2.3005328277632406e-04,7.9229112533241093e+00,-1.3391286207881012e+00,5.7780781837245092e+02,2.4342508328439728e+06,4.6849582733823572e-02,4.8733826223699178e-01,1.1571928183123300e-03,2.1712112777018679e-05,4.5077256581070466e-05,1.9778126094260258e-04,4.8351510926244697e-04,9.6472668747082824e-05,0.0000000000000000e+00,3.4439461839922486e+04,-2.3672501181754733e+03,
1.7037075559896766e-04,3.3253734636931815e+00,-1.3341356270934761e+00,1.3948329027810928e+03,2.2436051297893366e+06,2.3415582626422488e-02,2.3643235342563168e-01,2.4987156598661356e-01,5.9893341726099253e-03,1.6774756745169810e-02,1.6118983217366555e-02,1.8303425191091966e-04,7.7393639408569951e-05,0.0000000000000000e+00,1.9197902709222002e+04,-7.1388736998724580e+03,
1.5445054919476262e-04,3.3596992029576760e+00,-1.2554475030630559e+00,1.7046238424955707e+03,2.2415560018855566e+06,2.2277764995479774e-02,1.6029383277542536e-01,4.2465243573765155e-01,8.5802484130461844e-03,3.2454383372493519e-02,3.8728915212669808e-02,1.1835085937014027e-04,5.1004669264149317e-05,0.0000000000000000e+00,2.1070191410771742e+04,-7.6085915043452896e+03,
4.6111117809101009e-04,9.5675047325255527e+00,-1.1291677093545036e+00,4.1730424854003553e+02,2.2551145673639514e+06,9.8648454294904597e-02,8.4374604830325339e-01,2.2094917639421540e-03,6.5348358320343362e-07,8.9623154032497144e-06,4.3980384984598328e-05,1.7321484929327562e-03,1.2107531628078648e-04,0.0000000000000000e+00,2.0548017938449939e+04,-2.4487970862672046e+03,
2.3996796900707947e-04,5.3760394980433404e+00,-1.1195924770302741e+00,4.8012418986889412e+02,2.2540521342561636e+06,5.7047251314599826e-02,5.7163742548108520e-01,1.1912589085651707e-02,2.0109560555099388e-05,6.3824802684426892e-05,4.8925946453367544e-04,7.3068344012958565e-04,9.2460047436927303e-05,0.0000000000000000e+00,2.0713718928575308e+04,-4.4421624555388162e+03,
1.4427839119258477e-04,1.8092369602237315e+00,-1.2245406109319632e+00,2.2182541993700179e+03,2.2186432203010283e+06,2.2511715680457112e-02,1.3829003614223934e-01,5.9449087106785659e-01,7.9690542728400055e-03,4.6391724731437746e-02,8.5644515142894964e-02,9.7116262748373389e-05,3.6159377441124718e-05,0.0000000000000000e+00,1.2515550493995186e+04,-8.2167496773310140e+03,
1.4136413126905067e-04,1.8540337283488701e+00,-1.2534035925311862e+00,2.1262005614035365e+03,2.2211402626865869e+06,2.2720311063449617e-02,1.2651226366104862e-01,5.7633121553010191e-01,7.7398114472336061e-03,4.4952291796483350e-02,7.7360164374055809e-02,9.1291712770017532e-05,3.1821609337429606e-05,0.0000000000000000e+00,1.3011304664381081e+04,-8.4270972195759823e+03,
2.1191552920377341e-04,2.6783763118195347e+00,-1.2783219351323627e+00,6.6417883420959595e+02,2.2370049621478086e+06,4.2973750389646348e-02,4.3238905400355510e-01,3.1079310286755094e-02,3.6360862412815066e-04,6.2639099844159318e-04,3.5095497755370142e-03,5.2360910073322847e-04,1.1359764858005688e-04,0.0000000000000000e+00,1.2372179380836729e+04,-5.6567032811456374e+03,
2.1101542955869642e-04,3.2427653125044120e+00,-1.3592984708209770e+00,3.9596026176534838e+02,2.2299251105531342e+06,4.1193295351578341e-02,4.5086767296937041e-01,3.4607405926109368e-04,1.5590245771985167e-06,5.3700232479800624e-06,4.6908661304369682e-05,4.9259406415356891e-04,9.9457839442984901e-06,0.0000000000000000e+00,1.2997545152159752e+04,-6.1092521504341403e+03,
7.9875972326979054e-04,7.0188704121107515e-01,-3.7675504502145751e-01,3.9139915385782126e+02,2.2485136115703499e+06,1.1098936500619630e-01,8.8618624556796832e-01,1.8321006532642519e-05,5.5061510332692348e-09,2.8542969025663459e-07,2.7863704212113617e-07,1.9949741996630630e-05,3.9115070078238369e-07,0.0000000000000000e+00,8.4268193330668112e+02,-4.7167506578721679e+02,
8.1782806779229331e-04,7.9337563570209146e-01,-2.2255409832137246e-01,3.8726187131136902e+02,2.2256507625890756e+06,1.1163925194671713e-01,8.8741371765200694e-01,1.5481639769772922e-05,1.4737344804276728e-10,2.1729630051863848e-07,3.1754553876642766e-08,1.6515364103544217e-05,4.1324808857007347e-07,0.0000000000000000e+00,9.5714804187562333e+02,-2.7210794352617205e+02,

15,16
2.2839892972092307e-04,7.9004456333551598e+00,1.2260156554143209e-01,2.4978976495236502e+03,2.4610184179701712e+06,4.5586429971255303e-02,4.5265137441289344e-01,6.5402259198763735e-01,1.0683003376416067e-02,5.2229537933091749e-02,1.1360417783245393e-01,5.5519771568467635e-04,1.1297664587103066e-04,0.0000000000000000e+00,3.4591159491901075e+04,7.4151290559303550e+02,
6.2741661000760085e-04,2.4511167480295818e+01,-2.1596903717437121e-01,1.7054647901800108e+03,2.4778997031137040e+06,1.1154009090463574e-01,8.8504470734332186e-01,3.7603872808196792e-01,8.8554711722301244e-03,2.7934759901472039e-02,3.3547562541995590e-02,3.2122121749469617e-03,1.9591778059596256e-04,0.0000000000000000e+00,3.9066813165814776e+04,-9.1234737542327252e+02,
9.1979482748156378e-04,3.6214250595343238e+01,-1.6636354503119590e+00,5.2226646532752227e+02,2.4575724598914431e+06,1.1195053383799058e-01,8.8723978210510279e-01,1.2750072212361213e-03,6.1755337177550672e-05,3.4706882856168979e-05,1.5223151613064269e-04,2.9270354370145822e-03,1.8883557072598285e-04,0.0000000000000000e+00,3.9458536282535330e+04,-2.4344872409724121e+03,
8.2075866960673843e-04,3.2411199285444546e+01,-9.7369922145044852e-01,8.7349182404019723e+02,2.4647919527448625e+06,1.1177549766690248e-01,8.8565632366024472e-01,4.1549936718722667e-02,1.3855711314158762e-03,2.2790379394306099e-03,3.3943586687840608e-03,3.1288274130914341e-03,1.8696867036654095e-04,0.0000000000000000e+00,3.9489632458052001e+04,-2.2601069710723946e+03,
6.1276083955017727e-04,2.4220016090021076e+01,-2.4684612795243774e-01,1.7455404054058815e+03,2.4771871652967879e+06,1.1131571807718804e-01,8.8398650921043187e-01,3.9160963910975383e-01,9.0380575212878674e-03,2.8830468558636132e-02,3.5752830335480407e-02,3.2368977183589286e-03,1.8265635746665226e-04,0.0000000000000000e+00,3.9532137142402746e+04,-1.0498776624375271e+03,
2.6444363102890697e-04,5.2561275879907434e+00,-1.0302752206812531e+00,2.2886935321922274e+03,2.2757362250333098e+06,6.3558731012638731e-02,6.4656062660190616e-01,5.8550861696098622e-01,9.7462979943362758e-03,5.2032015142684018e-02,9.3199597807238521e-02,1.0253636908056382e-03,1.0833771134041606e-04,0.0000000000000000e+00,2.0888518020262254e+04,-3.8996439941171348e+03,
2.1751378276541389e-04,4.7148868463149567e+00,-1.0128762604842481e+00,2.4966983594553976e+03,2.2727371241382342e+06,4.4552989533912971e-02,4.4976642965858388e-01,6.4741424608671527e-01,1.0252664250303719e-02,5.1700501499453225e-02,1.1147153779499765e-01,5.8220961528974947e-04,1.2786236830602266e-04,0.0000000000000000e+00,2.2550168869182795e+04,-4.6709748400572398e+03,
7.8687527187936064e-04,1.7100718859512064e+01,-3.7125613441787286e-01,7.5277908272857098e+02,2.2785833822576087e+06,1.1071113401007847e-01,8.8515372407498349e-01,4.9274443055884652e-02,5.6954567647500370e-04,7.2057694554920654e-04,3.2019984146909181e-03,3.7827927512727902e-03,3.9877224919013872e-04,0.0000000000000000e+00,2.1749211371312402e+04,-4.8375581512788239e+02,
6.9199620146415651e-04,1.4400625087503384e+01,-3.7210123161101244e-01,1.5409176071410479e+03,2.2808073219530797e+06,1.0814848255036895e-01,8.7558569816645093e-01,3.2031319278016102e-01,7.1032306739847182e-03,2.0526400111098114e-02,2.2549356151504756e-02,3.7861909326082797e-03,2.6704144800971719e-04,0.0000000000000000e+00,2.2446045435042412e+04,-5.3791575436561857e+02,
1.6719959317359334e-04,2.2792104703745628e+00,-1.1066064244053699e+00,2.6327210075766934e+03,2.2328942731880499e+06,2.8268917271387719e-02,2.3511444104514997e-01,6.6506488858720669e-01,9.9121410866475183e-03,4.8519143470545888e-02,1.1947983505460330e-01,2.0150234538129967e-04,7.9790213489047451e-05,0.0000000000000000e+00,1.3640216405162775e+04,-6.6513305324521771e+03,
1.7465068212908487e-04,2.5232595297850655e+00,-1.0961642343438349e+00,2.6862359158473664e+03,2.2311236326808496e+06,2.8644221682127446e-02,2.6062172393185568e-01,6.7772525181050669e-01,1.0374721259980504e-02,4.9907268744702860e-02,1.2176484376494141e-01,2.3042348172868578e-04,9.5692688675184430e-05,0.0000000000000000e+00,1.4490140576394362e+04,-6.2763238080779811e+03,
5.1394100082775211e-04,6.9751936108629593e+00,-6.9956706390364698e-01,1.7401843125306857e+03,2.2755801440960602e+06,1.0121641256315117e-01,8.5879039090659159e-01,4.4176895627173152e-01,9.7377715197545997e-03,3.2871677050114054e-02,3.9612227039829258e-02,4.1023984156919602e-03,3.3821240329207140e-04,0.0000000000000000e+00,1.4604422906896101e+04,-1.4004746953225469e+03,
8.1551438697979655e-04,1.0626179272984011e+01,-2.5238611046964465e-01,1.7740886686985496e+03,2.2569432867220975e+06,1.1146060280184733e-01,8.8754057921492879e-01,4.2225107198831208e-01,9.5073986882743700e-03,3.4376924785114206e-02,4.1200265292543517e-02,4.8260860881169133e-03,3.7816185604448043e-04,0.0000000000000000e+00,1.5417172343566490e+04,-3.0961412492575255e+02,
8.3305540014412191e-04,6.4686687879524269e+00,-1.4506227319667329e-02,4.0983380135277622e+02,2.2581379610461039e+06,1.1186854365607206e-01,8.8810369086821406e-01,1.3378007282381140e-03,1.2513432793335180e-05,2.4565190374205569e-05,1.2381894327022147e-04,1.3081978212703405e-03,1.7493309888801774e-05,0.0000000000000000e+00,7.8709030025830916e+03,-1.7413694348614801e+01,
8.3305055204006091e-04,7.2872636528095907e+00,6.8515046654213860e-02,3.9618301079680577e+02,2.2524337252190881e+06,1.1194312219431439e-01,8.8814744468894014e-01,5.3014428040484287e-04,3.1054432942713899e-06,1.0092798672286288e-05,6.2276101469871403e-05,3.3292268789788604e-04,7.7826939598244831e-06,0.0000000000000000e+00,8.7737822221988590e+03,8.3072081420161368e+01,

