1
1
16
0
(32 0
((0,0) (63,63) (0,0))
((64,0) (127,63) (0,0))
((128,0) (191,63) (0,0))
((192,0) (255,63) (0,0))
((256,0) (319,63) (0,0))
((320,0) (383,63) (0,0))
((384,0) (447,63) (0,0))
((448,0) (511,63) (0,0))
((512,0) (575,63) (0,0))
((576,0) (639,63) (0,0))
((640,0) (703,63) (0,0))
((704,0) (767,63) (0,0))
((768,0) (831,63) (0,0))
((832,0) (895,63) (0,0))
((896,0) (959,63) (0,0))
((960,0) (1023,63) (0,0))
((1024,0) (1087,63) (0,0))
((1088,0) (1151,63) (0,0))
((1152,0) (1215,63) (0,0))
((1216,0) (1279,63) (0,0))
((1280,0) (1343,63) (0,0))
((1344,0) (1407,63) (0,0))
((1408,0) (1471,63) (0,0))
((1472,0) (1535,63) (0,0))
((1536,0) (1599,63) (0,0))
((1600,0) (1663,63) (0,0))
((1664,0) (1727,63) (0,0))
((1728,0) (1791,63) (0,0))
((1792,0) (1855,63) (0,0))
((1856,0) (1919,63) (0,0))
((1920,0) (1983,63) (0,0))
((1984,0) (2047,63) (0,0))
)
32
FabOnDisk: Cell_D_00000 0
FabOnDisk: Cell_D_00001 0
FabOnDisk: Cell_D_00002 0
FabOnDisk: Cell_D_00003 0
FabOnDisk: Cell_D_00004 0
FabOnDisk: Cell_D_00005 0
FabOnDisk: Cell_D_00006 0
FabOnDisk: Cell_D_00007 0
FabOnDisk: Cell_D_00008 0
FabOnDisk: Cell_D_00009 0
FabOnDisk: Cell_D_00010 0
FabOnDisk: Cell_D_00011 0
FabOnDisk: Cell_D_00012 0
FabOnDisk: Cell_D_00013 0
FabOnDisk: Cell_D_00014 0
FabOnDisk: Cell_D_00015 0
FabOnDisk: Cell_D_00016 0
FabOnDisk: Cell_D_00017 0
FabOnDisk: Cell_D_00018 0
FabOnDisk: Cell_D_00019 0
FabOnDisk: Cell_D_00020 0
FabOnDisk: Cell_D_00021 0
FabOnDisk: Cell_D_00022 0
FabOnDisk: Cell_D_00023 0
FabOnDisk: Cell_D_00024 0
FabOnDisk: Cell_D_00025 0
FabOnDisk: Cell_D_00026 0
FabOnDisk: Cell_D_00027 0
FabOnDisk: Cell_D_00028 0
FabOnDisk: Cell_D_00029 0
FabOnDisk: Cell_D_00030 0
FabOnDisk: Cell_D_00031 0

32,16
1.2214117631754179e-04,-1.3891439671736622e-01,-1.0529563154526972e-01,3.2031392369734940e+03,2.2417392598526576e+06,1.9296254245965740e-02,1.0383700156033737e-01,6.8150599797822553e-01,4.8156579640583619e-03,3.4543888850344144e-02,1.3712095414062828e-01,1.3380962508975313e-04,1.0750152755973664e-05,0.0000000000000000e+00,-1.1157107126691058e+03,-8.5428412268991804e+02,
1.2263069422611104e-04,-1.5304878632908930e-01,-7.2202577297394571e-02,3.1966919382635497e+03,2.2531767430464206e+06,1.9370809819312378e-02,1.0052340120580573e-01,6.8296990205697228e-01,4.8167578196602898e-03,3.3083055319881871e-02,1.3467478530664873e-01,1.2890558204325600e-04,1.0557675470781761e-05,0.0000000000000000e+00,-1.2187905027341599e+03,-5.8099065997551395e+02,
1.2311229344937286e-04,-8.2871414350578687e-01,-2.7904104668371871e-01,3.1901160701243584e+03,2.2520256252701925e+06,2.0021174601842939e-02,9.9886737342537724e-02,6.8890891616003536e-01,4.7794733736848775e-03,3.2206182969555470e-02,1.3290649084584455e-01,1.2728082707659852e-04,1.0493579347841642e-05,0.0000000000000000e+00,-6.5574375938314633e+03,-2.1988952389496271e+03,
1.2592196144775507e-04,-1.2144556131313140e+00,-2.5356474456293959e-01,3.1901196268757071e+03,2.2482314651652272e+06,1.9371750973822589e-02,1.0002358044611094e-01,6.9257734197932541e-01,4.7783996992255334e-03,3.2206003281261858e-02,1.3291425874380269e-01,1.2739686508227624e-04,1.0502565416962947e-05,0.0000000000000000e+00,-9.6335985240731206e+03,-2.0109115592927785e+03,
1.2592164453047096e-04,-1.4797454498988443e+00,-3.5898281060970905e-01,3.1914081934588553e+03,2.2482425896665859e+06,1.9407062074359150e-02,1.0011335014742645e-01,6.9340108115538990e-01,4.7800825621279385e-03,3.2320048606796048e-02,1.3315780862519866e-01,1.2769336860231359e-04,1.0503532566290138e-05,0.0000000000000000e+00,-1.1710266368725093e+04,-2.8453584249759988e+03,
1.2625441026819438e-04,-1.7035802665179671e+00,-6.3299378399041606e-01,3.1914197845400572e+03,2.2557037936974508e+06,1.9687457069108405e-02,1.0011239109145827e-01,6.9495461060113417e-01,4.7995736064254313e-03,3.2319399230813423e-02,1.3315741769298289e-01,1.2769292403649090e-04,1.0539222723362504e-05,0.0000000000000000e+00,-1.3447790003123959e+04,-4.9965003095974116e+03,
1.2560523320448192e-04,-1.8360115764747076e+00,-6.3456430638961092e-01,3.1885876244799265e+03,2.2409422991901166e+06,1.9295864730710672e-02,9.9682924236592668e-02,6.8892282344319056e-01,4.7827282090937527e-03,3.2116773430652293e-02,1.3270317702365292e-01,1.2656900913770206e-04,1.0437172560104173e-05,0.0000000000000000e+00,-1.4528444909676653e+04,-5.0102565581055769e+03,
1.2493829015018928e-04,-2.0170153006946991e+00,-3.2058612886843796e-01,3.1885660182066508e+03,2.2293378184590670e+06,1.9096601124451024e-02,9.9701366411430140e-02,6.8797656335817448e-01,4.7704754321207824e-03,3.2118455359971765e-02,1.3270495641826455e-01,1.2655894172370249e-04,1.0436159049670069e-05,0.0000000000000000e+00,-1.6114947135483933e+04,-2.5502723108371224e+03,
1.2507511425977511e-04,-2.0150089333515266e+00,-3.9841043833007300e-01,3.1912529021004680e+03,2.2324306795876911e+06,1.9180829640750470e-02,1.0073739386399008e-01,6.8856168054580380e-01,4.7631743681544369e-03,3.2517137142486011e-02,1.3348936745468715e-01,1.2818233089636683e-04,1.0495885737439675e-05,0.0000000000000000e+00,-1.6097097952344906e+04,-3.1578305126261021e+03,
1.2553727840724688e-04,-1.8217470790993424e+00,-1.8825996848986024e-01,3.1853311780304953e+03,2.2344084160087314e+06,1.8505183760581474e-02,9.9239196310362085e-02,6.8198804597578078e-01,4.6799054315786182e-03,3.1742928676014262e-02,1.3193130223056107e-01,1.2562451498996012e-04,1.0399242354542823e-05,0.0000000000000000e+00,-1.4467365189906510e+04,-1.4938289323226516e+03,
1.2544115218733311e-04,-1.7770140648234196e+00,-3.2750810139320541e-01,3.1850687208442255e+03,2.2354203192628282e+06,1.8424746834317805e-02,9.9209520556415173e-02,6.8212967586211493e-01,4.6707931334388705e-03,3.1706551193652649e-02,1.3185720937561407e-01,1.2557278665647779e-04,1.0403569381190834e-05,0.0000000000000000e+00,-1.4058040653502743e+04,-2.5895929282056127e+03,
1.2473542491558924e-04,-2.1405962670849581e+00,-2.7447414838836220e-01,3.1834854883718558e+03,2.2179868056186582e+06,1.8250418253308962e-02,9.9259982785922893e-02,6.8016026202682189e-01,4.6412237958822046e-03,3.1562725013350307e-02,1.3152955897817314e-01,1.2514343080143590e-04,1.0313726366281833e-05,0.0000000000000000e+00,-1.7085030562886168e+04,-2.1776501646164420e+03,
1.2251022646755116e-04,-2.2529521935807866e+00,-2.5573932535681460e-01,3.1763961427135314e+03,2.1711224810314663e+06,1.7269909809567517e-02,9.8157469228615554e-02,6.7000159165178097e-01,4.5016075325750920e-03,3.1115134981003229e-02,1.3046681918989839e-01,1.2261580163081733e-04,1.0139771083925071e-05,0.0000000000000000e+00,-1.8007806528898538e+04,-2.0706850816485735e+03,
1.2012139434600485e-04,-2.2948437313207961e+00,-2.7538524211964377e-01,3.1736157980413204e+03,2.1541281501514763e+06,1.5937905909508575e-02,9.0161971393263290e-02,6.5123244959370974e-01,4.2943577298277568e-03,3.0317135442947233e-02,1.2918648121948459e-01,1.1535872233681562e-04,9.7387517012515246e-06,0.0000000000000000e+00,-1.8676705921610763e+04,-2.2364806789950549e+03,
1.2008913552010993e-04,-2.2543771442020764e+00,-1.5902145276687212e+00,3.7734451166283191e+02,2.1687626549933180e+06,1.4479402003981475e-02,8.6609255181370262e-02,5.7519352863605107e-18,-1.2854624016797718e-17,-9.8393161256319971e-19,-6.3990058426660625e-21,-3.0291196587818499e-17,-5.3434415578331665e-18,0.0000000000000000e+00,-1.8297097574049076e+04,-1.1788035093883398e+04,
1.2679082730732142e-04,-6.2887064300630846e-01,-2.3764283236724753e+00,3.7844665142401089e+02,2.2545399814013978e+06,1.7290140247990957e-02,9.2930341889368773e-02,5.7510217455542883e-18,-1.1006040987805174e-12,-1.0689696575327164e-18,-7.1717302326290796e-21,-3.0294351097398649e-17,-5.3437796073564565e-18,0.0000000000000000e+00,-4.8836669323021360e+03,-9.1155221043471774e+03,
1.3466493064759880e-04,2.5547550877740255e+00,-3.0599172248635873e+00,3.8313299515423893e+02,2.3922921872681016e+06,1.9904942066662597e-02,9.6175443548957018e-02,1.0772222011134466e-18,-1.3523623750977566e-17,-1.1723309201263413e-18,-3.5003188224260518e-18,-5.9195463385513774e-16,-5.3435884738016343e-18,0.0000000000000000e+00,1.7658948700139626e+04,-5.1748023256080141e+03,
8.6877863100619712e-04,1.6189333419085607e+01,-1.9371117404611482e-01,3.8300962136125253e+02,2.3840299910868756e+06,1.1190464469870853e-01,8.8809000552741646e-01,5.8850182940148446e-18,-4.4132527492711591e-23,-1.3156377563554868e-18,-8.7868811991156231e-21,-2.9813493095712427e-17,-5.3434005709345800e-18,0.0000000000000000e+00,1.8632981215713880e+04,-2.1335801471275997e+02,
8.6565278632872800e-04,1.7104680683511052e+01,-1.6383708269883770e-01,3.8322460100746065e+02,2.3873636554650734e+06,1.1190513533338468e-01,8.8809023782302032e-01,5.9900406947298083e-18,-4.5149586345229630e-23,-1.4702390988880932e-18,-9.2810916306356773e-21,-2.9430243247662698e-17,-5.3433914848524068e-18,0.0000000000000000e+00,1.9757274809690673e+04,-1.8044063293600666e+02,
8.6476467002465020e-04,1.7218132622369478e+01,-1.5665177974578953e-01,3.8324223358023988e+02,2.3882885429818830e+06,1.1190545216410987e-01,8.8809134908333909e-01,6.1114438806314720e-18,-5.2650191551825731e-23,-1.6309018665427512e-18,-1.0369641003232682e-20,-2.8981580083012441e-17,-5.3433888645871634e-18,0.0000000000000000e+00,1.9886734615032859e+04,-1.7229114121524378e+02,
8.5076815504813547e-04,1.7407349205080664e+01,-1.6956054433185272e-01,3.8290979339773810e+02,2.3502356658219849e+06,1.1190165540639785e-01,8.8808855197312664e-01,6.2523699919781065e-18,-5.7538848386474195e-23,-1.7738230520410442e-18,-1.1199854862276535e-20,-2.8465464090698573e-17,-5.3434395128329207e-18,0.0000000000000000e+00,2.0453209913034640e+04,-1.8709173415253557e+02,
8.4038345093574306e-04,1.6908011956225792e+01,-1.8339600625556551e-01,3.8399797241798160e+02,2.3077841186848297e+06,1.1190166864219663e-01,8.8808875036458412e-01,6.3927657008920857e-18,-6.2995770630962275e-23,-1.7932328119002686e-18,-1.2549156626194563e-20,-2.7957875541026881e-17,-5.3434422425335195e-18,0.0000000000000000e+00,2.0117472696650286e+04,-2.0960167603422352e+02,
8.4483079679487788e-04,1.7615190839689490e+01,-1.6391933930676020e-01,3.8569429037005352e+02,2.3190844318441572e+06,1.1190542860234717e-01,8.8809245198770281e-01,6.6210374662885575e-18,-6.9230279331880210e-23,-2.0577000863640430e-18,-1.4233577380926488e-20,-2.7107688865179669e-17,-5.3433914410750493e-18,0.0000000000000000e+00,2.0789394565807168e+04,-1.8707189144278527e+02,
8.0266205841199962e-04,1.5427880330088479e+01,-2.4462944877888754e-01,3.7701995899563650e+02,2.1523014530461701e+06,1.1190509300847219e-01,8.8809059937111945e-01,6.9272013249679804e-18,-7.0406754862382729e-23,-2.3116371607900984e-18,-1.4380213907120307e-20,-2.6000317066136284e-17,-5.3433993912342295e-18,0.0000000000000000e+00,1.9219684528851165e+04,-2.8836993236228898e+02,
7.9926737803481189e-04,1.5304289661227090e+01,-1.5486106416355339e-01,3.7634933347678282e+02,2.1387695466147368e+06,1.1190574406301032e-01,8.8809111577218880e-01,7.2041794903630970e-18,-7.0376942750984735e-23,-2.5327842804711647e-18,-1.6012088985135963e-20,-2.4985216154039008e-17,-5.3433874827760876e-18,0.0000000000000000e+00,1.9147101470615082e+04,-1.8818197710196881e+02,
8.2004174075495269e-04,1.7373935157990076e+01,-1.2918725050287658e-01,3.8008730587771629e+02,2.2124937892187615e+06,1.1190556022103178e-01,8.8809260100002407e-01,7.4643477652722507e-18,-8.2897840020238576e-23,-2.8194833659063298e-18,-1.8089403867004907e-20,-2.4037568359352350e-17,-5.3433908512163506e-18,0.0000000000000000e+00,2.1186647330897034e+04,-1.5013861858634678e+02,
8.1065915602996784e-04,1.7870963052296894e+01,-1.8772172399705667e-01,3.7710792176719264e+02,2.1609319320533122e+06,1.1190541713624905e-01,8.8809117311427377e-01,7.7953190857632616e-18,-8.2407131055694104e-23,-3.1107909052703144e-18,-1.8837723882720487e-20,-2.2827864632789238e-17,-5.3433942831193657e-18,0.0000000000000000e+00,2.2043174731106246e+04,-2.1882200972184071e+02,
8.1428685795393099e-04,1.8523862360862204e+01,-1.3918967305059859e-01,3.7784688398681595e+02,2.1767699244788201e+06,1.1190585555236572e-01,8.8809270668878859e-01,8.1285150056889351e-18,-8.8809745586927832e-23,-3.4248115941601200e-18,-2.1013640222682873e-20,-2.1606543984776346e-17,-5.3433869151808024e-18,0.0000000000000000e+00,2.2733130892202382e+04,-1.6708914120472772e+02,
8.2711039485340284e-04,2.0736007822964886e+01,-8.5546141789611341e-02,3.7960231250768561e+02,2.2073321266776128e+06,1.1190588402562938e-01,8.8809242431396784e-01,8.4940803683092657e-18,-9.5172413044109668e-23,-3.7829612097703316e-18,-2.2481097173220344e-20,-2.0272679751782367e-17,-5.3433862665732779e-18,0.0000000000000000e+00,2.4984154922660815e+04,-1.0107627945312318e+02,
8.1081900760339735e-04,2.0880556179647250e+01,-8.0013338734339912e-02,3.7613797896395590e+02,2.1387215096166511e+06,1.1190623329268076e-01,8.8809205544339342e-01,8.9148330181627217e-18,-9.1689466907799281e-23,-4.1365111971857429e-18,-2.2939955518562521e-20,-1.8730100059248260e-17,-5.3433801120428844e-18,0.0000000000000000e+00,2.5713083352164922e+04,-9.5179130245241552e+01,
4.8787007446134719e-04,-2.7649777694420527e-72,-1.1684165857374465e-01,3.0000000000000000e+02,1.0132499999999999e+06,1.1190648594014244e-01,8.8800000225013564e-01,9.3248015736172345e-18,-8.5896802777806824e-23,-4.3956464127533162e-18,-2.3017590414989904e-20,-1.7226602274745690e-17,-5.3433751717704734e-18,0.0000000000000000e+00,-5.6674469580755188e-69,-1.4718301498471925e+02,
4.8787007446134958e-04,-2.9800667158994109e-75,-2.0911343462080874e-75,3.0000000000000000e+02,1.0132499999999999e+06,1.1190674452875904e-01,8.8809325547124096e-01,9.5898290168958684e-18,-6.9706298015913287e-24,-4.3956464127533162e-18,-6.7858395312468504e-21,-1.6211606093324135e-17,-5.3433700011158734e-18,0.0000000000000000e+00,-6.1083203744145616e-72,-4.2862525407340860e-72,

32,16
1.2781996802892727e-04,1.3259847941323921e-01,5.2378635627396850e-02,3.2347794527717861e+03,2.2655135269834762e+06,2.1825252451972588e-02,1.1364066708896446e-01,6.9764040384532555e-01,5.6243659944660617e-03,3.8548003634766015e-02,1.4483755678145246e-01,1.4220009086218896e-04,1.1197958615189322e-05,0.0000000000000000e+00,1.0771183414884129e+03,4.2040269660839721e+02,
1.2765908517000768e-04,2.7905740380040644e-01,3.0714385635441831e-02,3.2337143152579665e+03,2.2653750899192384e+06,2.1765382864571300e-02,1.1205049975544509e-01,7.0577395684744104e-01,5.6145438707899406e-03,3.8284543715547292e-02,1.4443771434407443e-01,1.4029992225571018e-04,1.1097865400950654e-05,0.0000000000000000e+00,2.2672021845645845e+03,2.4527945104506142e+02,
1.2699301209563897e-04,6.4455424698525476e-01,2.6575404675847408e-01,3.2251130521981449e+03,2.2659528516219715e+06,2.1580891034532035e-02,1.0503140182695807e-01,7.0960410700011178e-01,5.4557636944522880e-03,3.6937467263626102e-02,1.4205059146381485e-01,1.3703323577768020e-04,1.0878436048008795e-05,0.0000000000000000e+00,5.0913562653961662e+03,2.1023914762000518e+03,
1.2732024972234821e-04,1.0509430825841963e+00,2.9133152910794463e-01,3.2012226049308574e+03,2.2620295631190506e+06,2.0436307614406075e-02,1.1099686490508680e-01,7.0958778251453802e-01,4.8644362129491026e-03,3.4891568627916016e-02,1.3722662028338070e-01,1.3877796036226240e-04,1.1031615272551855e-05,0.0000000000000000e+00,8.3153990438517121e+03,2.3065911855521008e+03,
1.2744166037357210e-04,1.1018776773231962e+00,6.4132086532539034e-01,3.2021587178016885e+03,2.2651149945555427e+06,2.0415262661628783e-02,1.1050589055364606e-01,7.0908923299478954e-01,4.8731807454800566e-03,3.4753752301703432e-02,1.3700290481483651e-01,1.3823086485737255e-04,1.0997747069729070e-05,0.0000000000000000e+00,8.7031298944539867e+03,5.0590735288805145e+03,
1.2750102999194136e-04,1.3004938072283221e+00,6.3852301506277087e-01,3.2021471630466581e+03,2.2705683441292271e+06,2.0417514365383787e-02,1.0876650151966251e-01,7.0909236199156422e-01,4.8743444169524813e-03,3.4625619804602749e-02,1.3698520446121337e-01,1.3717072620508290e-04,1.0966251676467643e-05,0.0000000000000000e+00,1.0277603384491978e+04,5.0364382374390652e+03,
1.2729361408368175e-04,1.4074391163909741e+00,8.0588218025904679e-01,3.2045198601589914e+03,2.2662588739614938e+06,2.0414112958621319e-02,1.1293330519188456e-01,7.1019304087140445e-01,4.8841343124347535e-03,3.5564914932703161e-02,1.3834333433476129e-01,1.4092664164675576e-04,1.1124263267173912e-05,0.0000000000000000e+00,1.1129669775196211e+04,6.3848105819731836e+03,
1.2675266217028380e-04,1.3848366933616381e+00,2.2219837667199369e-01,3.2024288899098392e+03,2.2447601018930385e+06,2.0426685107484167e-02,1.1414272997007131e-01,7.1018385248105065e-01,4.8769479889367159e-03,3.5619874078222383e-02,1.3825246127650526e-01,1.4130657647792321e-04,1.1101689087570824e-05,0.0000000000000000e+00,1.1013859362718185e+04,1.7712678937369010e+03,
1.2731353964551666e-04,1.4040589957489837e+00,4.5971809811552589e-01,3.2034858065035273e+03,2.2520403335487386e+06,2.0487065857612209e-02,1.1355346178156668e-01,7.0796433817939275e-01,4.8897603589147520e-03,3.5571489430774421e-02,1.3823067082622015e-01,1.4114912458284756e-04,1.1096651524931125e-05,0.0000000000000000e+00,1.1173961637173436e+04,3.6557960424368107e+03,
1.2807049923103318e-04,1.1516475827629917e+00,5.0685862641593560e-01,3.2035470442386436e+03,2.2505455877588042e+06,2.0575852436254750e-02,1.1912324897539686e-01,7.1193751861767429e-01,4.8952485332779934e-03,3.6364397069495950e-02,1.3913798388560478e-01,1.4597190872779814e-04,1.1345991590436506e-05,0.0000000000000000e+00,9.1526423794318453e+03,4.0207039912719047e+03,
1.2783404528633789e-04,1.1509005425652472e+00,3.7679788264671032e-01,3.2024651828382021e+03,2.2496871683971412e+06,2.0479844112379592e-02,1.1946412549686089e-01,7.1209214683331945e-01,4.8311932820527519e-03,3.6258757131947421e-02,1.3889460935976247e-01,1.4599104648315418e-04,1.1301135074595686e-05,0.0000000000000000e+00,9.1377774163944596e+03,2.9858370973613473e+03,
1.2805391100624921e-04,1.0765685786971215e+00,2.7340230156622469e-01,3.2024214586471526e+03,2.2501793607262410e+06,2.0277440757522979e-02,1.2108518913070378e-01,7.1262207774102604e-01,4.8045757435882588e-03,3.6536140646063232e-02,1.3922179795466139e-01,1.4720811468452616e-04,1.1371638233122831e-05,0.0000000000000000e+00,8.5160350078417468e+03,2.1649960210762556e+03,
1.2816862606351541e-04,9.8933372303342970e-01,4.0515030048274120e-01,3.2025435102030715e+03,2.2263017103572274e+06,2.0585891869685690e-02,1.3008486105777287e-01,7.1500281140971211e-01,4.8205280623416624e-03,3.7674702361515058e-02,1.4029975378848497e-01,1.5426003996594706e-04,1.1571073706177637e-05,0.0000000000000000e+00,7.8803535075861846e+03,3.2728282645620170e+03,
1.2832975648322610e-04,1.1615945331566786e+00,5.1500264431575915e-01,3.2033329589536479e+03,2.1950705598611603e+06,2.1729289381778209e-02,1.4560750903200567e-01,7.2274947844649440e-01,4.9444554410725348e-03,4.0048441237843645e-02,1.4267183631780775e-01,1.6584325843394494e-04,1.1943254231878934e-05,0.0000000000000000e+00,9.6384973413973348e+03,4.1814111564926789e+03,
8.8358597779568339e-04,2.0321272168370601e+01,1.6551889554403418e+00,3.2022819069373036e+03,2.5300240674300608e+06,1.1191314679320034e-01,8.8810453193929184e-01,7.2688891482403961e-01,8.8417346463209676e-03,5.6358104991514571e-02,1.4471624024535990e-01,2.7877597917452018e-03,2.6242670264288654e-04,0.0000000000000000e+00,2.3035736066377121e+04,1.3054229138592547e+04,
9.1722513575713126e-04,3.0721631956436283e+01,1.5665289563745091e+00,3.2076217016704618e+03,2.6987907193646063e+06,1.1192461766674140e-01,8.8812095163978344e-01,7.1951339214825327e-01,8.2839602936756757e-03,4.7064090266520898e-02,1.4046984382338271e-01,1.9512760049323237e-03,1.8018248906286437e-04,0.0000000000000000e+00,3.3542938725890934e+04,9.5444392777207104e+03,
9.2419605218292265e-04,3.7143601381991985e+01,3.4154961666942043e+00,3.2043984031400273e+03,2.7116804765653186e+06,1.1192671447630935e-01,8.8810474020750918e-01,7.1555669057009319e-01,9.0959309718140220e-03,4.6288659358271506e-02,1.3520398235086289e-01,2.1514035589563826e-03,1.6298802476917540e-04,0.0000000000000000e+00,4.0249547511341800e+04,4.5400823847294068e+03,
9.2976241613733032e-04,3.5033863981815905e+01,1.4373220337835149e-01,4.0483801402165915e+02,2.5141905193010978e+06,1.1190999447258348e-01,8.8809535530129147e-01,6.1302208540731452e-18,-2.4484907650903235e-23,-1.1056599639363962e-18,-6.8770083648374130e-21,-2.8902648951387151e-17,-5.3433150459113729e-18,0.0000000000000000e+00,3.7683320316092460e+04,1.5575350728609601e+02,
9.2976566923246159e-04,3.5035141847285047e+01,1.3775228426745800e-01,4.0488431581821033e+02,2.5146779950930732e+06,1.1190976217697980e-01,8.8809486466661525e-01,6.3043845781425059e-18,-3.0067334220149343e-23,-1.1966077232005185e-18,-8.0873470315237236e-21,-2.8264666261313991e-17,-5.3433172083633833e-18,0.0000000000000000e+00,3.7685603638853449e+04,1.5234372344149241e+02,
9.1324074632049028e-04,3.3380328599113859e+01,2.9835988392152296e-01,4.0415952168884121e+02,2.4545051175273033e+06,1.1190865091666090e-01,8.8809454783589004e-01,6.4878335940676602e-18,-3.0781175790445918e-23,-1.3000172234035173e-18,-8.6946441164846967e-21,-2.7596798373741832e-17,-5.3433379640669534e-18,0.0000000000000000e+00,3.6556785131165198e+04,3.2967133772018752e+02,
9.1411834280821227e-04,3.3640326739769471e+01,2.3742842519700758e-01,4.0499020359563997e+02,2.4631609089641115e+06,1.1191144802687339e-01,8.8809834459360215e-01,6.6527018777192248e-18,-3.4935570152760651e-23,-1.4210045408012341e-18,-9.7190120392371146e-21,-2.7000108771134474e-17,-5.3432925282308663e-18,0.0000000000000000e+00,3.6816064288064030e+04,2.6405107017058469e+02,
8.9862589634055778e-04,3.2479610241956678e+01,2.3265897719185799e-01,4.0446757776747705e+02,2.4302724492385555e+06,1.1191124963541597e-01,8.8809833135780336e-01,6.6709101486042262e-18,-3.7493938109762885e-23,-1.5443422642330182e-18,-9.8960037064679815e-21,-2.6925685369638879e-17,-5.3432954802083810e-18,0.0000000000000000e+00,3.6178752183157347e+04,2.6521517799802831e+02,
8.8320503243726628e-04,3.1276480453586693e+01,1.7317172394959002e-01,4.0218065859142416e+02,2.3940646456359429e+06,1.1190754801229708e-01,8.8809457139765280e-01,6.9708684164247781e-18,-4.2571786133948142e-23,-1.7488969534160190e-18,-1.0967285134370100e-20,-2.5830315023232219e-17,-5.3433560759505322e-18,0.0000000000000000e+00,3.5423150236746173e+04,1.9842654523794371e+02,
8.8389353129035564e-04,3.1299855231508740e+01,2.2204494012706921e-01,4.0110513196769267e+02,2.3901647208784269e+06,1.1190940062888038e-01,8.8809490699152782e-01,7.2569330377067851e-18,-4.2846457545339176e-23,-2.0177839590248512e-18,-1.2228880458280005e-20,-2.4782769542136249e-17,-5.3433163520635959e-18,0.0000000000000000e+00,3.5417449672837116e+04,2.6547783117026171e+02,
8.4524711609566068e-04,2.7527106019573431e+01,9.0855390606018757e-02,3.9371345575540676e+02,2.2487500241935872e+06,1.1190888422781124e-01,8.8809425593698954e-01,7.5125915739067650e-18,-4.2975487705222446e-23,-2.2636530249719593e-18,-1.2335951899347690e-20,-2.3857824530832518e-17,-5.3433272512425307e-18,0.0000000000000000e+00,3.2566932788514900e+04,1.0794510532922597e+02,
8.6603230462332318e-04,2.9507652603904919e+01,1.0339691364670947e-01,3.9585074542843324e+02,2.3198923134443141e+06,1.1190739899997602e-01,8.8809443977896829e-01,7.8373202182452567e-18,-5.1367113241924207e-23,-2.4915245969672895e-18,-1.4407380047837517e-20,-2.2670860761802982e-17,-5.3433579564001494e-18,0.0000000000000000e+00,3.4072230846791725e+04,1.2041563801752402e+02,
8.6538600693956643e-04,2.9449282304208847e+01,1.6631538019412970e-01,3.9568223939288879e+02,2.3171582845805897e+06,1.1190882688572620e-01,8.8809458286375098e-01,8.1650775433699556e-18,-5.6295721393473692e-23,-2.7828565275820694e-18,-1.5855518119340073e-20,-2.1469520699575804e-17,-5.3433278343651292e-18,0.0000000000000000e+00,3.4030227052498914e+04,1.9706820203207818e+02,
8.4971031951570810e-04,2.7850216789548483e+01,1.3556904803801903e-01,3.9091527165873748e+02,2.2549965689256866e+06,1.1190729331121137e-01,8.8809414444763435e-01,8.5229883714374819e-18,-5.9278419598346496e-23,-3.0781059426019224e-18,-1.7069399940918687e-20,-2.0165360280679693e-17,-5.3433598593168025e-18,0.0000000000000000e+00,3.2776231646834924e+04,1.6197596816816920e+02,
8.5550629036563520e-04,2.8414609593746917e+01,5.5424526884541823e-02,3.9116746143703591e+02,2.2762901477162954e+06,1.1190757568603198e-01,8.8809411597437060e-01,8.9286675301040451e-18,-6.9464336335501067e-23,-3.3986118009345460e-18,-1.9409823802824452e-20,-1.8682865897116325e-17,-5.3433539698776496e-18,0.0000000000000000e+00,3.3215039837641132e+04,6.5062968749936331e+01,
8.4222032721751510e-04,2.7207143707116948e+01,7.8303681827129670e-02,3.8771752221721539e+02,2.2276388338211933e+06,1.1190794455660648e-01,8.8809376670731932e-01,9.3287063701713285e-18,-7.1321425923113041e-23,-3.7720841852424319e-18,-2.0595101058332632e-20,-1.7220621554171772e-17,-5.3433452335200638e-18,0.0000000000000000e+00,3.2306328270520658e+04,9.4190574970402523e+01,
8.3113160861053516e-04,2.6044438364712683e+01,1.1939538572878000e-01,3.8124711880673965e+02,2.1726279166504941e+06,1.1199999774986440e-01,8.8809351405985748e-01,9.5898290168958684e-18,-6.9334810154455451e-24,-4.1368357132809277e-18,-5.2807616169917474e-21,-1.6207211751651286e-17,-5.3415044123868227e-18,0.0000000000000000e+00,3.1336118245163503e+04,1.4833522988802645e+02,
4.8787007446134958e-04,4.2552280137194745e-74,5.8262233173030182e-75,3.0000000000000000e+02,1.0132499999999999e+06,1.1190674452875904e-01,8.8809325547124096e-01,9.5898290168958684e-18,-6.9706298015913287e-24,-4.3956464127533162e-18,-6.7858395312468504e-21,-1.6211606093324135e-17,-5.3433700011158734e-18,0.0000000000000000e+00,8.7220517028383249e-71,1.1942161698963948e-71,

