1
1
16
0
(1 0
((0,0) (4095,63) (0,0))
)
1
FabOnDisk: Cell_D_00000 0

1,16
1.0238393158252240e-04,-9.4888624223915652e-01,-5.2670375574732766e+00,3.0000000000000000e+02,1.0132499999999999e+06,1.5052444687437013e-02,6.6022800206406579e-02,0.0000000000000000e+00,0.0000000000000000e+00,0.0000000000000000e+00,0.0000000000000000e+00,0.0000000000000000e+00,0.0000000000000000e+00,0.0000000000000000e+00,-3.4789091481067903e+03,-1.0278020121607673e+04,

1,16
8.7672656661143722e-04,2.9296417080984362e+01,4.8837341971267083e+00,3.2342976764071827e+03,2.3099153667111243e+06,1.1192274671349219e-01,8.8810381197089350e-01,7.6874852253344650e-01,1.1429458634674466e-02,5.8311218876650077e-02,1.4783417855526737e-01,4.3704083463338055e-03,1.5008305639118539e-03,0.0000000000000000e+00,3.5871955136163386e+04,1.0007900221559807e+04,

