1
1
16
0
(16 0
((0,0) (127,63) (0,0))
((128,0) (255,63) (0,0))
((256,0) (383,63) (0,0))
((384,0) (511,63) (0,0))
((512,0) (639,63) (0,0))
((640,0) (767,63) (0,0))
((768,0) (895,63) (0,0))
((896,0) (1023,63) (0,0))
((1024,0) (1151,63) (0,0))
((1152,0) (1279,63) (0,0))
((1280,0) (1407,63) (0,0))
((1408,0) (1535,63) (0,0))
((1536,0) (1663,63) (0,0))
((1664,0) (1791,63) (0,0))
((1792,0) (1919,63) (0,0))
((1920,0) (2047,63) (0,0))
)
16
FabOnDisk: Cell_D_00000 0
FabOnDisk: Cell_D_00001 0
FabOnDisk: Cell_D_00002 0
FabOnDisk: Cell_D_00003 0
FabOnDisk: Cell_D_00004 0
FabOnDisk: Cell_D_00005 0
FabOnDisk: Cell_D_00006 0
FabOnDisk: Cell_D_00007 0
FabOnDisk: Cell_D_00008 0
FabOnDisk: Cell_D_00009 0
FabOnDisk: Cell_D_00010 0
FabOnDisk: Cell_D_00011 0
FabOnDisk: Cell_D_00012 0
FabOnDisk: Cell_D_00013 0
FabOnDisk: Cell_D_00014 0
FabOnDisk: Cell_D_00015 0

16,16
1.0627305041484145e-04,-9.4888624223915652e-01,-1.0743405190029021e+00,3.6042600473453308e+02,1.9147259111017040e+06,1.5593592032123236e-02,6.6022800206406565e-02,2.6306549855562048e-11,3.2916738743320470e-17,1.2944789286958144e-13,2.0970937249114328e-14,8.9481714872661334e-11,4.7256390249100152e-11,0.0000000000000000e+00,-2.4508749561877908e+03,-6.5962991837398267e+03,
1.0238393158252240e-04,-3.9738100651478908e-01,-5.2670375574732766e+00,3.5284719520114004e+02,1.7895392737155296e+06,1.5052444687437013e-02,6.8411028660435413e-02,-9.8381875284432274e-11,-1.4268066157217530e-07,-1.2166012042308441e-07,-8.9115475861915535e-09,-1.4074090877636662e-15,-5.3434622149266514e-18,0.0000000000000000e+00,-3.4789091481067903e+03,-1.0278020121607673e+04,
6.2204813541594435e-04,8.3827558921053527e+00,-2.8900504261406357e-01,3.3068724491269478e+02,1.4240811091216500e+06,1.1190447698402158e-01,8.8809069463075963e-01,9.6158354324364097e-18,-4.4125169550342618e-23,-4.5884844609263895e-18,-1.7024827748552141e-20,-1.6149215807150239e-17,-5.3434138252301488e-18,0.0000000000000000e+00,1.3377964633156342e+04,-4.1180691333873779e+02,
4.8787007446134958e-04,-3.6745164555499986e-49,-1.4776503561181858e-01,3.0000000000000000e+02,1.0132499999999999e+06,1.1190592818138544e-01,8.8807725328650777e-01,9.8158120382457733e-18,-2.1364061678647109e-23,-4.6168038290978096e-18,-1.1358747856759168e-20,-1.5397911369614694e-17,-5.3433861952272162e-18,0.0000000000000000e+00,-7.5317520952827037e-46,-2.4009386181070383e+02,
4.8787007446134958e-04,-3.3148154185173655e-164,-8.9760275409812481e-165,3.0000000000000000e+02,1.0132499999999999e+06,1.1190674452875904e-01,8.8809325547124096e-01,9.8392115255536135e-18,-7.3193181936270137e-24,-4.6168038290977934e-18,-7.1233511217699102e-21,-1.5298442414679994e-17,-5.3433700011158734e-18,0.0000000000000000e+00,-6.7944635099359314e-161,-1.8398397464512559e-161,
4.8787007446134958e-04,0.0000000000000000e+00,0.0000000000000000e+00,3.0000000000000000e+02,1.0132499999999999e+06,1.1190674452875904e-01,8.8809325547124096e-01,9.8392115255536135e-18,-7.3193181936270137e-24,-4.6168038290977934e-18,-7.1233511217699102e-21,-1.5298442414679994e-17,-5.3433700011158734e-18,0.0000000000000000e+00,0.0000000000000000e+00,0.0000000000000000e+00,
4.8787007446134958e-04,0.0000000000000000e+00,0.0000000000000000e+00,3.0000000000000000e+02,1.0132499999999999e+06,1.1190674452875904e-01,8.8809325547124096e-01,9.8392115255536135e-18,-7.3193181936270137e-24,-4.6168038290977934e-18,-7.1233511217699102e-21,-1.5298442414679994e-17,-5.3433700011158734e-18,0.0000000000000000e+00,0.0000000000000000e+00,0.0000000000000000e+00,
4.8787007446134958e-04,0.0000000000000000e+00,0.0000000000000000e+00,3.0000000000000000e+02,1.0132499999999999e+06,1.1190674452875904e-01,8.8809325547124096e-01,9.8392115255536135e-18,-7.3193181936270137e-24,-4.6168038290977934e-18,-7.1233511217699102e-21,-1.5298442414679994e-17,-5.3433700011158734e-18,0.0000000000000000e+00,0.0000000000000000e+00,0.0000000000000000e+00,
4.8787007446134958e-04,0.0000000000000000e+00,0.0000000000000000e+00,3.0000000000000000e+02,1.0132499999999999e+06,1.1190674452875904e-01,8.8809325547124096e-01,9.8392115255536135e-18,-7.3193181936270137e-24,-4.6168038290977934e-18,-7.1233511217699102e-21,-1.5298442414679994e-17,-5.3433700011158734e-18,0.0000000000000000e+00,0.0000000000000000e+00,0.0000000000000000e+00,
4.8787007446134958e-04,0.0000000000000000e+00,0.0000000000000000e+00,3.0000000000000000e+02,1.0132499999999999e+06,1.1190674452875904e-01,8.8809325547124096e-01,9.8392115255536135e-18,-7.3193181936270137e-24,-4.6168038290977934e-18,-7.1233511217699102e-21,-1.5298442414679994e-17,-5.3433700011158734e-18,0.0000000000000000e+00,0.0000000000000000e+00,0.0000000000000000e+00,
4.8787007446134958e-04,0.0000000000000000e+00,0.0000000000000000e+00,3.0000000000000000e+02,1.0132499999999999e+06,1.1190674452875904e-01,8.8809325547124096e-01,9.8392115255536135e-18,-7.3193181936270137e-24,-4.6168038290977934e-18,-7.1233511217699102e-21,-1.5298442414679994e-17,-5.3433700011158734e-18,0.0000000000000000e+00,0.0000000000000000e+00,0.0000000000000000e+00,
4.8787007446134958e-04,0.0000000000000000e+00,0.0000000000000000e+00,3.0000000000000000e+02,1.0132499999999999e+06,1.1190674452875904e-01,8.8809325547124096e-01,9.8392115255536135e-18,-7.3193181936270137e-24,-4.6168038290977934e-18,-7.1233511217699102e-21,-1.5298442414679994e-17,-5.3433700011158734e-18,0.0000000000000000e+00,0.0000000000000000e+00,0.0000000000000000e+00,
4.8787007446134958e-04,0.0000000000000000e+00,0.0000000000000000e+00,3.0000000000000000e+02,1.0132499999999999e+06,1.1190674452875904e-01,8.8809325547124096e-01,9.8392115255536135e-18,-7.3193181936270137e-24,-4.6168038290977934e-18,-7.1233511217699102e-21,-1.5298442414679994e-17,-5.3433700011158734e-18,0.0000000000000000e+00,0.0000000000000000e+00,0.0000000000000000e+00,
4.8787007446134958e-04,0.0000000000000000e+00,0.0000000000000000e+00,3.0000000000000000e+02,1.0132499999999999e+06,1.1190674452875904e-01,8.8809325547124096e-01,9.8392115255536135e-18,-7.3193181936270137e-24,-4.6168038290977934e-18,-7.1233511217699102e-21,-1.5298442414679994e-17,-5.3433700011158734e-18,0.0000000000000000e+00,0.0000000000000000e+00,0.0000000000000000e+00,
4.8787007446134958e-04,0.0000000000000000e+00,0.0000000000000000e+00,3.0000000000000000e+02,1.0132499999999999e+06,1.1190674452875904e-01,8.8809325547124096e-01,9.8392115255536135e-18,-7.3193181936270137e-24,-4.6168038290977934e-18,-7.1233511217699102e-21,-1.5298442414679994e-17,-5.3433700011158734e-18,0.0000000000000000e+00,0.0000000000000000e+00,0.0000000000000000e+00,
4.8787007446134958e-04,0.0000000000000000e+00,0.0000000000000000e+00,3.0000000000000000e+02,1.0132499999999999e+06,1.1190674452875904e-01,8.8809325547124096e-01,9.8392115255536135e-18,-7.3193181936270137e-24,-4.6168038290977934e-18,-7.1233511217699102e-21,-1.5298442414679994e-17,-5.3433700011158734e-18,0.0000000000000000e+00,0.0000000000000000e+00,0.0000000000000000e+00,

16,16
8.2517647054078109e-04,9.4000273248871693e+00,1.0190252161121702e+00,3.2342976764071827e+03,2.1353436668380694e+06,1.1190801280562397e-01,8.8810360140550715e-01,7.6282479923115432e-01,9.8417894338972203e-03,5.1797178820775246e-02,1.4783417855526734e-01,3.4875360043697587e-03,1.5008305639118544e-03,0.0000000000000000e+00,1.3664582113368528e+04,7.5361627812237339e+03,
8.7672656661143722e-04,2.9296417080984362e+01,4.8837341971267083e+00,3.2270086450730141e+03,2.3099153667111248e+06,1.1191335606378924e-01,8.8810381197089361e-01,7.6874852253344628e-01,1.1429458634674466e-02,5.8311218876650098e-02,1.4694739193263803e-01,4.3704083463338064e-03,1.0772005177296857e-03,0.0000000000000000e+00,3.5871955136163386e+04,1.0007900221559807e+04,
7.4394330438945944e-04,1.7603510637441307e+01,3.1457530925606514e-01,3.5608594290156799e+02,1.8283715509215025e+06,1.1190930536924049e-01,8.8809552301597849e-01,9.8150956366274017e-18,-2.0604371873867203e-23,-4.4019653205238150e-18,-1.1334408261958840e-20,-1.5400364777655551e-17,-5.3433186724681237e-18,0.0000000000000000e+00,2.3663945555540842e+04,4.2872489460683130e+02,
6.2885393693710284e-04,8.8105262716830008e+00,1.3467538031729934e-01,3.3230366932993257e+02,1.4460552256683919e+06,1.1192274671349219e-01,8.8809407181861455e-01,9.8392115255536520e-18,-7.3193181936270064e-24,-4.5890762219999847e-18,-6.4476021839417862e-21,-1.5297646611601949e-17,-5.3430504530388777e-18,0.0000000000000000e+00,1.4011583033520117e+04,2.1882635462736670e+02,
4.8787007446134958e-04,1.5284213237428356e-163,5.6284562764259815e-165,3.0000000000000000e+02,1.0132499999999999e+06,1.1190674452875904e-01,8.8809325547124096e-01,9.8392115255536135e-18,-7.3193181936270137e-24,-4.6168038290977934e-18,-7.1233511217699102e-21,-1.5298442414679994e-17,-5.3433700011158734e-18,0.0000000000000000e+00,3.1328450006496994e-160,1.1536793443705847e-161,
4.8787007446134958e-04,0.0000000000000000e+00,0.0000000000000000e+00,3.0000000000000000e+02,1.0132499999999999e+06,1.1190674452875904e-01,8.8809325547124096e-01,9.8392115255536135e-18,-7.3193181936270137e-24,-4.6168038290977934e-18,-7.1233511217699102e-21,-1.5298442414679994e-17,-5.3433700011158734e-18,0.0000000000000000e+00,0.0000000000000000e+00,0.0000000000000000e+00,
4.8787007446134958e-04,0.0000000000000000e+00,0.0000000000000000e+00,3.0000000000000000e+02,1.0132499999999999e+06,1.1190674452875904e-01,8.8809325547124096e-01,9.8392115255536135e-18,-7.3193181936270137e-24,-4.6168038290977934e-18,-7.1233511217699102e-21,-1.5298442414679994e-17,-5.3433700011158734e-18,0.0000000000000000e+00,0.0000000000000000e+00,0.0000000000000000e+00,
4.8787007446134958e-04,0.0000000000000000e+00,0.0000000000000000e+00,3.0000000000000000e+02,1.0132499999999999e+06,1.1190674452875904e-01,8.8809325547124096e-01,9.8392115255536135e-18,-7.3193181936270137e-24,-4.6168038290977934e-18,-7.1233511217699102e-21,-1.5298442414679994e-17,-5.3433700011158734e-18,0.0000000000000000e+00,0.0000000000000000e+00,0.0000000000000000e+00,
4.8787007446134958e-04,0.0000000000000000e+00,0.0000000000000000e+00,3.0000000000000000e+02,1.0132499999999999e+06,1.1190674452875904e-01,8.8809325547124096e-01,9.8392115255536135e-18,-7.3193181936270137e-24,-4.6168038290977934e-18,-7.1233511217699102e-21,-1.5298442414679994e-17,-5.3433700011158734e-18,0.0000000000000000e+00,0.0000000000000000e+00,0.0000000000000000e+00,
4.8787007446134958e-04,0.0000000000000000e+00,0.0000000000000000e+00,3.0000000000000000e+02,1.0132499999999999e+06,1.1190674452875904e-01,8.8809325547124096e-01,9.8392115255536135e-18,-7.3193181936270137e-24,-4.6168038290977934e-18,-7.1233511217699102e-21,-1.5298442414679994e-17,-5.3433700011158734e-18,0.0000000000000000e+00,0.0000000000000000e+00,0.0000000000000000e+00,
4.8787007446134958e-04,0.0000000000000000e+00,0.0000000000000000e+00,3.0000000000000000e+02,1.0132499999999999e+06,1.1190674452875904e-01,8.8809325547124096e-01,9.8392115255536135e-18,-7.3193181936270137e-24,-4.6168038290977934e-18,-7.1233511217699102e-21,-1.5298442414679994e-17,-5.3433700011158734e-18,0.0000000000000000e+00,0.0000000000000000e+00,0.0000000000000000e+00,
4.8787007446134958e-04,0.0000000000000000e+00,0.0000000000000000e+00,3.0000000000000000e+02,1.0132499999999999e+06,1.1190674452875904e-01,8.8809325547124096e-01,9.8392115255536135e-18,-7.3193181936270137e-24,-4.6168038290977934e-18,-7.1233511217699102e-21,-1.5298442414679994e-17,-5.3433700011158734e-18,0.0000000000000000e+00,0.0000000000000000e+00,0.0000000000000000e+00,
4.8787007446134958e-04,0.0000000000000000e+00,0.0000000000000000e+00,3.0000000000000000e+02,1.0132499999999999e+06,1.1190674452875904e-01,8.8809325547124096e-01,9.8392115255536135e-18,-7.3193181936270137e-24,-4.6168038290977934e-18,-7.1233511217699102e-21,-1.5298442414679994e-17,-5.3433700011158734e-18,0.0000000000000000e+00,0.0000000000000000e+00,0.0000000000000000e+00,
4.8787007446134958e-04,0.0000000000000000e+00,0.0000000000000000e+00,3.0000000000000000e+02,1.0132499999999999e+06,1.1190674452875904e-01,8.8809325547124096e-01,9.8392115255536135e-18,-7.3193181936270137e-24,-4.6168038290977934e-18,-7.1233511217699102e-21,-1.5298442414679994e-17,-5.3433700011158734e-18,0.0000000000000000e+00,0.0000000000000000e+00,0.0000000000000000e+00,
4.8787007446134958e-04,0.0000000000000000e+00,0.0000000000000000e+00,3.0000000000000000e+02,1.0132499999999999e+06,1.1190674452875904e-01,8.8809325547124096e-01,9.8392115255536135e-18,-7.3193181936270137e-24,-4.6168038290977934e-18,-7.1233511217699102e-21,-1.5298442414679994e-17,-5.3433700011158734e-18,0.0000000000000000e+00,0.0000000000000000e+00,0.0000000000000000e+00,
4.8787007446134958e-04,0.0000000000000000e+00,0.0000000000000000e+00,3.0000000000000000e+02,1.0132499999999999e+06,1.1190674452875904e-01,8.8809325547124096e-01,9.8392115255536135e-18,-7.3193181936270137e-24,-4.6168038290977934e-18,-7.1233511217699102e-21,-1.5298442414679994e-17,-5.3433700011158734e-18,0.0000000000000000e+00,0.0000000000000000e+00,0.0000000000000000e+00,

