CheckPointVersion_1.0
2
0
0
0
(0 (0,0)(0.015625,0.015625) 1)
(RealBox 0 64 0 1 )((0,0) (4095,63) (0,0))P(0,0) 

9.270755315500002e-10 
9.270755315500002e-10 
1 
0 
0 
0
(0 (0,0)(0.015625,0.015625) 1)
(RealBox 0 64 0 1 )((0,0) (4095,63) (0,0))P(0,0)
(1 0
((0,0) (4095,63) (0,0))
)3
((0,0) (4095,63) (0,0))
(1 0
((0,0) (4095,63) (0,0))
)-9.270755315500002e-10
-9.270755315500002e-10
0
0
1
Level_0/SD_0_New_MF
((0,0) (4095,63) (0,0))
(1 0
((0,0) (4095,63) (0,0))
)-9.270755315500002e-10
-9.270755315500002e-10
0
0
1
Level_0/SD_1_New_MF
((0,0) (4095,63) (0,0))
(1 0
((0,0) (4095,63) (0,0))
)-9.270755315500002e-10
-9.270755315500002e-10
0
0
0
