1
1
16
0
(32 0
((1840,0) (1999,7) (0,0))
((2000,0) (2127,7) (0,0))
((2128,0) (2383,7) (0,0))
((2384,0) (2639,7) (0,0))
((2640,0) (2895,7) (0,0))
((2896,0) (3039,7) (0,0))
((3040,0) (3167,7) (0,0))
((3168,0) (3423,7) (0,0))
((3424,0) (3559,7) (0,0))
((3560,0) (3687,7) (0,0))
((3688,0) (3943,7) (0,0))
((1840,8) (1879,15) (0,0))
((1880,8) (1919,23) (0,0))
((1920,8) (2007,31) (0,0))
((2008,8) (2047,55) (0,0))
((2048,8) (2095,103) (0,0))
((3920,8) (3943,111) (0,0))
((2008,80) (2047,111) (0,0))
((1984,88) (2007,111) (0,0))
((1960,96) (1983,111) (0,0))
((1840,104) (1959,111) (0,0))
((1816,112) (1975,127) (0,0))
((1976,112) (2103,127) (0,0))
((2104,112) (2359,127) (0,0))
((2360,112) (2503,127) (0,0))
((2504,112) (2631,127) (0,0))
((2632,112) (2887,127) (0,0))
((2888,112) (3047,127) (0,0))
((3048,112) (3175,127) (0,0))
((3176,112) (3431,127) (0,0))
((3432,112) (3687,127) (0,0))
((3688,112) (3943,127) (0,0))
)
32
FabOnDisk: Cell_D_00015 0
FabOnDisk: Cell_D_00008 0
FabOnDisk: Cell_D_00025 0
FabOnDisk: Cell_D_00005 0
FabOnDisk: Cell_D_00028 0
FabOnDisk: Cell_D_00026 0
FabOnDisk: Cell_D_00024 0
FabOnDisk: Cell_D_00004 0
FabOnDisk: Cell_D_00017 0
FabOnDisk: Cell_D_00022 0
FabOnDisk: Cell_D_00012 0
FabOnDisk: Cell_D_00015 163927
FabOnDisk: Cell_D_00021 0
FabOnDisk: Cell_D_00013 0
FabOnDisk: Cell_D_00018 0
FabOnDisk: Cell_D_00020 0
FabOnDisk: Cell_D_00014 0
FabOnDisk: Cell_D_00019 0
FabOnDisk: Cell_D_00011 0
FabOnDisk: Cell_D_00018 245848
FabOnDisk: Cell_D_00013 270424
FabOnDisk: Cell_D_00006 0
FabOnDisk: Cell_D_00011 73818
FabOnDisk: Cell_D_00031 0
FabOnDisk: Cell_D_00000 0
FabOnDisk: Cell_D_00029 0
FabOnDisk: Cell_D_00007 0
FabOnDisk: Cell_D_00001 0
FabOnDisk: Cell_D_00009 0
FabOnDisk: Cell_D_00027 0
FabOnDisk: Cell_D_00003 0
FabOnDisk: Cell_D_00010 0

32,16
1.2029324855785867e-04,-3.6891840569127698e-01,-5.5502788839698214e-01,3.7785152453253818e+02,2.1732048460847503e+06,1.4803357765415536e-02,8.7531463716974914e-02,5.7475900552333285e-18,-1.3097070189328313e-12,-1.0571497463696127e-18,-9.6558770506329765e-21,-3.0633121842578726e-17,-5.3437194602546878e-18,0.0000000000000000e+00,-2.4838556984831043e+03,-6.2795706924381705e+02,
8.6314195559917812e-04,8.0943291114226383e+00,-6.3854330580275065e-01,3.8294958004231660e+02,2.3818513204614096e+06,1.1188489161473968e-01,8.8806657130042432e-01,5.7529810356658230e-18,-3.9544973158785557e-23,-1.1248497281886569e-18,-7.8093080015561937e-21,-3.0294063222165018e-17,-5.3437882564436316e-18,0.0000000000000000e+00,9.3533080041820303e+03,-7.0198091190587627e+02,
8.6654081575561069e-04,9.3362965937309994e+00,-9.0319008109664534e-02,3.8365799618001478e+02,2.4002186932301554e+06,1.1190341470342779e-01,8.8808908319382862e-01,5.8378426600978870e-18,-4.8796392170881466e-23,-1.4089862239623928e-18,-9.2674817167365216e-21,-2.9984713841910435e-17,-5.3434305847104849e-18,0.0000000000000000e+00,1.0767764446403688e+04,-9.9014401159309273e+01,
8.5167522251801365e-04,1.0035113063624326e+01,-1.0355426612405534e-01,3.8321563303771069e+02,2.3769121688314052e+06,1.1190382567365796e-01,8.8808972437987843e-01,6.0442096298351171e-18,-6.1438763611294520e-23,-1.7306682234185376e-18,-1.1218518700613856e-20,-2.9233003444146644e-17,-5.3434154336226755e-18,0.0000000000000000e+00,1.1693188702355828e+04,-1.1462729263243904e+02,
8.4082263139506966e-04,1.0431132914046707e+01,-8.3696688765533170e-02,3.8342538488285942e+02,2.3296133525410532e+06,1.1190348489385490e-01,8.8808816630585874e-01,6.3462129768018872e-18,-7.2062860186646746e-23,-1.9548275715890561e-18,-1.3986910053553842e-20,-2.8145929340246873e-17,-5.3434218571103290e-18,0.0000000000000000e+00,1.2384575017942059e+04,-9.5561053792948641e+01,
8.0634209211732108e-04,9.7296457905800526e+00,-1.6041480791045243e-01,3.7895926778431556e+02,2.1911930733105666e+06,1.1190570608416785e-01,8.8809026441847938e-01,6.7798254031676380e-18,-7.8202206725618723e-23,-2.2519549691621357e-18,-1.5014435507558072e-20,-2.6540393027438825e-17,-5.3433874164841429e-18,0.0000000000000000e+00,1.2066399467044577e+04,-1.8703215084670592e+02,
7.9352101592164393e-04,9.1766570580028635e+00,-1.4469881471458809e-01,3.7649227313187947e+02,2.1419913777668485e+06,1.1190580142867736e-01,8.8809045392519603e-01,7.1106150451470228e-18,-7.4753268401233098e-23,-2.4694228603186945e-18,-1.6186892450805636e-20,-2.5328911418122457e-17,-5.3433865722984010e-18,0.0000000000000000e+00,1.1552163609881742e+04,-1.7251130710547395e+02,
8.0636092762544195e-04,1.0312227219298991e+01,-1.3485544479416506e-01,3.7801000775174020e+02,2.1799759619338624e+06,1.1190540596590814e-01,8.8809135058462196e-01,7.3651390989056304e-18,-9.3205409722845436e-23,-3.0412126427096845e-18,-1.9269121811686484e-20,-2.4400248193493046e-17,-5.3433920689663145e-18,0.0000000000000000e+00,1.2788599826713162e+04,-1.5772228724480064e+02,
8.0585698771149406e-04,1.2139881791479620e+01,-8.2268676363243406e-02,3.7784070720353606e+02,2.1766729840124631e+06,1.1190574161805437e-01,8.8809242931743626e-01,8.0350907314736733e-18,-1.0084037245563276e-22,-3.3614850751535826e-18,-2.1739906782612975e-20,-2.1942034563543197e-17,-5.3433879812653586e-18,0.0000000000000000e+00,1.5050203030191971e+04,-9.8776484749929892e+01,
8.2021308061232994e-04,1.4793389228828765e+01,-6.0212927707283044e-02,3.8028506549962719e+02,2.2246252614382734e+06,1.1190547433557840e-01,8.8809222621723050e-01,8.4174294789034295e-18,-1.0722566972545953e-22,-3.7141182882457324e-18,-2.3414128910735969e-20,-2.0544915323895339e-17,-5.3433914677066853e-18,0.0000000000000000e+00,1.7949433439485812e+04,-7.1135667823617737e+01,
4.8787007446134806e-04,3.5156842216774249e-32,-1.2679166852291521e-01,3.0000000000000000e+02,1.0132499999999999e+06,1.1190591870464575e-01,8.8789711837143004e-01,8.8283593848777168e-18,-1.0583521139197499e-22,-4.3956464126424728e-18,-2.3800642632060916e-20,-1.9052298765854855e-17,-5.3433855207101400e-18,0.0000000000000000e+00,7.2061895281423895e-29,-1.6413857711464061e+02,
1.2174471582409004e-04,2.2074110355890708e-01,3.6245182449194981e-02,3.1614630811918664e+03,2.1827239219122552e+06,1.8744782029603405e-02,9.2807559249500779e-02,6.8773051529490004e-01,4.6999561067820935e-03,3.0933196413506583e-02,1.3075877391732632e-01,1.1852277905862062e-04,9.9590270093096150e-06,0.0000000000000000e+00,1.7839873093366257e+03,2.9239038256214462e+02,
1.2520243308961765e-04,4.9212934837772843e-01,7.3577459523218602e-01,2.2171991104381718e+03,2.2286164268075852e+06,1.7778163477229925e-02,9.5244658150840114e-02,5.1695394059801114e-01,4.6564302503410036e-03,3.1260664231519616e-02,8.7468986881680255e-02,9.1125858102003915e-05,1.0337412957315581e-05,0.0000000000000000e+00,3.9058660103469233e+03,5.8123680904698376e+03,
1.2876490987948522e-04,9.5549836489694950e-01,-1.4907655205148977e+00,3.8063610577892916e+02,2.3013444829547885e+06,1.6690151014254227e-02,9.4978687109210994e-02,5.8375168317227949e-18,-1.3023948160440372e-12,-1.0583485192884598e-18,-7.0123069331855285e-21,-2.9974673513942396e-17,-5.3434942991406651e-18,0.0000000000000000e+00,7.3888799552530427e+03,-1.6430429093348523e+03,
1.3399907996923177e-04,1.9109217646734742e+00,-2.4746571931704611e+00,3.8303253746959706e+02,2.3897100101205376e+06,1.9007869335848172e-02,9.5496935546481462e-02,5.8383126798672013e-18,-1.2825516928786634e-12,-1.0691125016086112e-18,-6.2785532992305672e-21,-2.9971446746044022e-17,-5.3434587054057691e-18,0.0000000000000000e+00,1.4249581111370606e+04,-2.7206898897378023e+03,
1.3463184155040368e-04,2.5414132161662284e+00,-3.2559864872622279e+00,3.8311574248349723e+02,2.3915467679672996e+06,1.9886546997923853e-02,9.5555667822106061e-02,-3.5418352382139393e-19,-2.8019202655334471e-17,-1.0959988802224367e-18,-2.9423884001790130e-17,-6.3692356496711106e-16,-5.3441504395951886e-18,0.0000000000000000e+00,1.8801064176348271e+04,-5.2046549532127719e+03,
4.8787007446133733e-04,1.1784484899446623e-31,-8.8972902068239712e-02,3.0000000000000000e+02,1.0132499999999999e+06,1.1190639387474839e-01,8.8791353996754829e-01,9.5762324352365445e-18,-6.5146855273664763e-23,-4.3956464126424728e-18,-1.4424768884707336e-20,-1.6293771463532858e-17,-5.3433770177493735e-18,0.0000000000000000e+00,2.4154965668795541e-28,-1.0709671904104640e+02,
1.3217483247032847e-04,2.3760692518502853e+00,-1.0981510123897489e+00,3.8259954456384753e+02,2.3699969162860876e+06,1.7229672410883041e-02,9.3399488913455106e-02,5.8523767503503551e-18,-4.2559101254311980e-12,-1.0668390935416802e-18,-6.4057508565374283e-21,-2.9933507392266169e-17,-5.3429028261163237e-18,0.0000000000000000e+00,1.7784520348195554e+04,-8.2655476637216689e+03,
1.3047484841900516e-04,2.0388075854158805e+00,-1.1734464886843350e+00,3.8204226402119946e+02,2.3400485585292829e+06,1.8802121892428626e-02,9.3287062941155741e-02,8.2324582714305186e-13,-1.8711571670994956e-12,4.7715568005555146e-14,2.7678944177562972e-16,5.3599579844083698e-12,5.9933846467244182e-13,0.0000000000000000e+00,1.5452679032992079e+04,-8.8972758731372305e+03,
1.2907203720343287e-04,1.7809028674882117e+00,-1.1809537485921178e+00,3.8291057896704865e+02,2.3050317516367310e+06,1.8134203972056308e-02,9.2288376041772549e-02,1.4453874685933758e-04,9.6152437218280043e-08,8.9790897570773919e-07,6.0502566851484051e-06,9.1287525515197407e-05,6.0401953385096581e-06,0.0000000000000000e+00,1.3710849448998002e+04,-9.1231733899185856e+03,
1.2302202397510641e-04,-1.6194936373943628e-01,-1.1795143095836842e+00,3.0847769651310273e+03,2.1819527205768940e+06,1.8459241860066478e-02,9.4743870874010455e-02,6.8150620784809623e-01,4.6398596371365897e-03,3.0787361475712812e-02,1.3045417535720205e-01,1.1674409140546980e-04,1.0248775445109875e-05,0.0000000000000000e+00,-1.3136581284609067e+03,-9.1673454347503957e+03,
1.1995739601630643e-04,-3.9949206073878524e-01,-1.6637129465673988e+00,3.7654983233584818e+02,2.1657788612062121e+06,1.3675134937638056e-02,8.6115671557721443e-02,5.7444277221935737e-18,-2.8071116578156919e-15,-1.0557872252869882e-18,-7.8678471940557285e-21,-3.0473688888389746e-17,-5.3436224209754694e-18,0.0000000000000000e+00,-2.3499182866921392e+03,-1.1928258322263080e+04,
3.1505998838434455e-04,6.6933595990033163e+00,-8.1492567072982247e-01,3.7991240725154296e+02,2.3136017427208298e+06,7.3632150363466167e-02,6.6982241439684154e-01,5.7469568842092512e-18,-1.7380296296927197e-17,-1.1027771468220759e-18,-7.6990313474466208e-21,-3.0316030251365713e-17,-5.3442065035217312e-18,0.0000000000000000e+00,7.9025462405529852e+03,-2.1796737416559699e+03,
8.6212316232829112e-04,9.1309077720243934e+00,-1.3502277833755430e-01,3.8298726246623210e+02,2.3833462551040496e+06,1.1189917913154888e-01,8.8808608999144956e-01,5.8155028026743837e-18,-4.9139867714676557e-23,-1.3792823428506978e-18,-9.2090441520072958e-21,-3.0066555309060843e-17,-5.3435070461232609e-18,0.0000000000000000e+00,1.0591187165607553e+04,-1.4898126622389481e+02,
8.5768403465545716e-04,9.9637222843093003e+00,-1.1045509361757418e-01,3.8321991909019061e+02,2.3870009033642933e+06,1.1190448288288642e-01,8.8808977951457013e-01,6.0232869633264138e-18,-5.3060328056872401e-23,-1.5609721510005195e-18,-1.0034625411888346e-20,-2.9310613410409391e-17,-5.3433968350248721e-18,0.0000000000000000e+00,1.1616398059245474e+04,-1.2154266753901079e+02,
8.5790606552687133e-04,1.0352023729102349e+01,-7.1078761214037584e-02,3.8347702075494243e+02,2.3931025229779142e+06,1.1190463179929416e-01,8.8809179133587468e-01,6.1645148741920316e-18,-6.1548326535906579e-23,-1.7199305385938181e-18,-1.1332332582421143e-20,-2.8787946721367929e-17,-5.3434019179335407e-18,0.0000000000000000e+00,1.2062619507511590e+04,-7.8178302040104626e+01,
8.3451204154020089e-04,1.0104474397420226e+01,-1.1497916153142695e-01,3.8288341133081832e+02,2.3076473124719104e+06,1.1190268232438123e-01,8.8808860413414925e-01,6.3381212437868054e-18,-7.1068784645132127e-23,-1.9376685537259386e-18,-1.4025944334454254e-20,-2.8149397712811527e-17,-5.3434311264869058e-18,0.0000000000000000e+00,1.2107488988552335e+04,-1.3111640522644072e+02,
8.1553000280053538e-04,1.0194963703537749e+01,-1.4892172237739731e-01,3.8079024419432523e+02,2.2273355332293459e+06,1.1190493743174575e-01,8.8808998421498841e-01,6.7600107596822399e-18,-7.8353719503036575e-23,-2.2689927679144003e-18,-1.5081173178316922e-20,-2.6613121498223448e-17,-5.3434028967861137e-18,0.0000000000000000e+00,1.2500126978761591e+04,-1.7531479767698289e+02,
7.9261059043998078e-04,9.1283723449645304e+00,-2.7287250434725449e-02,3.7634829670515228e+02,2.1386946916384595e+06,1.1190575779523987e-01,8.8809098470019376e-01,7.1296113598859241e-18,-7.6115661572628596e-23,-2.4834708186900440e-18,-1.6311436742884425e-20,-2.5258936713755093e-17,-5.3433855360690939e-18,0.0000000000000000e+00,1.1515854860194630e+04,-3.2748312336708416e+01,
8.0271204970650163e-04,1.0577872528243187e+01,-5.4391023347301462e-02,3.7745368644022557e+02,2.1663790912405485e+06,1.1190552710351231e-01,8.8809079737430652e-01,7.3816887068458005e-18,-9.2861431337130012e-23,-3.0548861523056740e-18,-1.9511163624720153e-20,-2.4340281729338513e-17,-5.3433915184857781e-18,0.0000000000000000e+00,1.3057457090517562e+04,-6.4180744783053470e+01,
8.0711068836571034e-04,1.2235027624529167e+01,-5.3284494314363863e-02,3.7804470542827471e+02,2.1792066132207625e+06,1.1190544221607071e-01,8.8809185786406197e-01,8.0520377975549216e-18,-1.0806739245006246e-22,-3.7145895976308238e-18,-2.3310980538596003e-20,-2.1880657673211168e-17,-5.3433919526757602e-18,0.0000000000000000e+00,1.5159045470334977e+04,-6.3089838831671216e+01,
4.8787007446133966e-04,-5.1786178815016552e-15,-2.6207483205001315e-02,3.0000000000000000e+02,1.0132499999999999e+06,1.1190577855833854e-01,8.8793145889364000e-01,8.8308727602300764e-18,-1.0407351244764431e-22,-4.3956464126424728e-18,-2.3776960155069505e-20,-1.9041879230215795e-17,-5.3433871119547874e-18,0.0000000000000000e+00,-1.0614747967928326e-11,-3.1122382266007932e+01,

32,16
9.1080046649682220e-04,2.7421359584278061e+01,1.6850947456143903e+00,3.1851199673014548e+03,2.5141692020943472e+06,1.1202643865373202e-01,8.8811490855954844e-01,7.2390014946272352e-01,1.0087652364241287e-02,6.5406028653672219e-02,1.3792058165201146e-01,3.7596235945620646e-03,3.3554410075987908e-04,0.0000000000000000e+00,3.0107784190684350e+04,1.3235124046143475e+04,
9.1906353131307049e-04,3.3674057037416915e+01,1.5978140743020530e-01,4.0297802712079908e+02,2.4638986803816617e+06,1.1193342869957561e-01,8.8811510838526042e-01,5.9154139517728979e-18,-2.1997954309942172e-23,-9.8941942881333580e-19,-6.1490001972481020e-21,-2.9690205058541986e-17,-5.3428760918441344e-18,0.0000000000000000e+00,3.6645670419418850e+04,1.8502400158530534e+02,
9.2981012761204798e-04,3.5040299646490027e+01,7.9765441134131448e-02,4.0689342607438488e+02,2.5056328168523535e+06,1.1191091680617139e-01,8.8809658529657221e-01,6.2356689603649938e-18,-2.4154988379561541e-23,-1.0644330921522721e-18,-6.6515592606626605e-21,-2.8514974577263386e-17,-5.3433077902319481e-18,0.0000000000000000e+00,3.7685581315813106e+04,8.7945305810228959e+01,
9.1421067280414816e-04,3.3617834113492826e+01,9.9942800807731783e-02,4.0744753985927576e+02,2.4550600943539124e+06,1.1191027562012151e-01,8.8809617432634214e-01,6.6017086029501220e-18,-3.0304300564742059e-23,-1.2427162118309093e-18,-8.3902334421573258e-21,-2.7177945229151196e-17,-5.3433135143542928e-18,0.0000000000000000e+00,3.6778875073386705e+04,1.1056035822719473e+02,
9.0078965770025552e-04,3.2528271596202366e+01,3.6022306639273846e-02,4.0555825790360535e+02,2.4099099479171061e+06,1.1191183369414137e-01,8.8809651510614507e-01,6.8545984511905909e-18,-3.6381640159735895e-23,-1.5034176252367389e-18,-9.9080438667554599e-21,-2.6255643104429533e-17,-5.3432798170273727e-18,0.0000000000000000e+00,3.6115670514653204e+04,4.1226663789927251e+01,
8.8394123408175025e-04,3.1305783417183562e+01,6.2411287728574669e-02,4.0301734560264271e+02,2.3828266390273566e+06,1.1190973558152034e-01,8.8809429391583228e-01,7.1895807302214055e-18,-4.4054695426742967e-23,-1.8945668884062710e-18,-1.1900770744436897e-20,-2.5029323003579336e-17,-5.3433113757403340e-18,0.0000000000000000e+00,3.5419023806564612e+04,7.2393320556194880e+01,
8.4851216309513478e-04,2.7833561962683472e+01,4.7058503034165672e-02,3.9645536915024991e+02,2.2551286648200578e+06,1.1190954607480397e-01,8.8809419857132277e-01,7.4399306738186254e-18,-4.3057944576429402e-23,-2.1860608181019245e-18,-1.2332154518237564e-20,-2.4121878637666311e-17,-5.3433167917477662e-18,0.0000000000000000e+00,3.2802784890147515e+04,5.5523833552559722e+01,
8.6606487721438180e-04,2.9511590223236368e+01,4.0782165375798339e-02,3.9864394803349546e+02,2.3146313329387535e+06,1.1190864941537802e-01,8.8809459403409174e-01,8.0858227073924853e-18,-4.8645757077621358e-23,-2.4085428800352741e-18,-1.3870108911886108e-20,-2.1758353452099682e-17,-5.3433350076851967e-18,0.0000000000000000e+00,3.4077092651391620e+04,4.8312174409085763e+01,
8.4974556628303853e-04,2.7852896822218558e+01,1.9634115213597383e-02,3.9480526188599902e+02,2.2527285530355759e+06,1.1190757068256373e-01,8.8809425838194556e-01,8.4510471298216259e-18,-5.7933311008974393e-23,-2.9992320224737204e-18,-1.6637478328893784e-20,-2.0427804907856126e-17,-5.3433557129771908e-18,0.0000000000000000e+00,3.2779916260254453e+04,2.3271983462090990e+01,
8.5551410474107360e-04,2.8415627817417548e+01,2.6522367694827506e-02,3.9538095709643591e+02,2.2755281103932266e+06,1.1190777378276948e-01,8.8809452566442171e-01,8.8515195058109975e-18,-6.8765454758334893e-23,-3.3329153456256481e-18,-1.9028645479119752e-20,-1.8966296639042223e-17,-5.3433502060205604e-18,0.0000000000000000e+00,3.3215071738425788e+04,3.1236387666187735e+01,
8.4650710889629859e-04,2.7592040263171072e+01,2.0260172129355006e-02,3.9315552087252928e+02,2.2426520933132358e+06,1.1210288162857003e-01,8.8809408129535428e-01,9.5898290167708432e-18,-6.9426784079954893e-24,-3.6937009694762615e-18,-4.7451723462263777e-21,-1.6200854924646306e-17,-5.3394462315566212e-18,0.0000000000000000e+00,3.2595166624349324e+04,2.4346479054419724e+01,
1.2579209505248707e-04,1.6631160216704022e+00,1.5711227206687903e+00,3.1919428947649644e+03,2.2286766924001062e+06,2.1347801704483783e-02,1.1596071035124875e-01,7.1912717119141656e-01,4.9204424658712944e-03,3.5476285935991926e-02,1.3721019474365678e-01,1.3908695622534895e-04,1.1237093064727919e-05,0.0000000000000000e+00,1.3400943053043800e+04,1.2611968994761657e+04,
1.8280613589224243e-04,3.8053854151286455e+00,1.2252114367219145e+00,3.1956128327843476e+03,2.3150700960710626e+06,2.6615578153404252e-02,3.0842386902625857e-01,7.1576689091846946e-01,8.9715039802701988e-03,5.4729577143529141e-02,1.3904746803467913e-01,2.8890170429480400e-04,8.7941969467109622e-05,0.0000000000000000e+00,2.2241596427606622e+04,9.4589597919534244e+03,
9.1286317956685854e-04,2.7936099278047880e+01,1.6643451068783643e+00,3.2092824979518805e+03,2.5318672189695891e+06,1.1199118720460406e-01,8.8810039012230813e-01,7.1682093373038680e-01,9.5455596451905420e-03,6.1973246901894950e-02,1.4177675900826980e-01,2.9063485059214679e-03,2.9986502644604746e-04,0.0000000000000000e+00,3.0666550496711068e+04,9.7373872747016430e+03,
9.1242131183136657e-04,3.0067460015201259e+01,9.3732955239026206e-01,3.2078552452823978e+03,2.5730593530829842e+06,1.1198600348270958e-01,8.8810073764646735e-01,7.1565317925771288e-01,8.8813573532350899e-03,5.2120205992478671e-02,1.3770787977492865e-01,2.7790834620523524e-03,2.3630260443170017e-04,0.0000000000000000e+00,3.2993267232239363e+04,6.8251535927191771e+03,
9.2471731320689036e-04,3.7384391380077275e+01,3.5057113823513504e+00,3.2046632838844594e+03,2.5917058439864931e+06,1.1196519245615223e-01,8.8810451907107235e-01,7.1561673726994179e-01,1.0170655901389549e-02,5.2035817492633599e-02,1.3545977475430335e-01,3.0074958953391281e-03,2.3393970423874765e-04,0.0000000000000000e+00,4.0746297202097594e+04,4.5829672903085329e+03,
8.3098614335497690e-04,2.6024641959278888e+01,5.7289326516014837e-02,3.7747968531640277e+02,2.1715869265586138e+06,1.1208646003245161e-01,8.8809360612525168e-01,9.5898290167708432e-18,-6.8974456114217245e-24,-4.3662333521962125e-18,-4.7114116710937669e-21,-1.6201900563494410e-17,-5.3397743413190666e-18,0.0000000000000000e+00,3.1317914680457165e+04,6.9018781950740888e+01,
9.1751269504177228e-04,3.0732303156877773e+01,1.8524838887523634e+00,3.2089099686576105e+03,2.5593102845558575e+06,1.1200661451109005e-01,8.8809986347536818e-01,7.1904819884422411e-01,9.3515756802542201e-03,5.2585947550006500e-02,1.4089378040803724e-01,2.8050851758194321e-03,2.5429280166241281e-04,0.0000000000000000e+00,3.3511277389541960e+04,2.0508379434564918e+03,
9.0203314550333117e-04,2.7304312145513279e+01,7.5171090989387035e-01,3.2008888317552082e+03,2.5039934937795503e+06,1.1202954982388461e-01,8.8809742080064180e-01,7.1874567499733844e-01,9.0692402733099520e-03,4.9570674413369174e-02,1.3746439004712430e-01,2.5979426371588663e-03,2.2979230852926923e-04,0.0000000000000000e+00,3.0298429776792917e+04,8.5840816606050032e+02,
8.8632328535501778e-04,2.4614853037880060e+01,-1.2571289566659619e-01,3.2002935501991892e+03,2.4475850074013360e+06,1.1179908270592703e-01,8.8794233975944470e-01,7.2043243907193777e-01,9.1360394150980934e-03,5.5269754409675791e-02,1.3831267435819189e-01,2.7141494295165316e-03,2.4955060836999562e-04,0.0000000000000000e+00,2.7967544783054469e+04,-1.4183639056288783e+02,
1.3338715655215723e-04,2.7721799675668528e+00,-3.5507040583320515e-01,3.1976252137231763e+03,2.3071112027882310e+06,2.1066608229757332e-02,1.2087506547693305e-01,7.1833513419641215e-01,5.1517047010938696e-03,3.6814082356468540e-02,1.3772449176272800e-01,1.4233220471789737e-04,1.3842846501241004e-05,0.0000000000000000e+00,2.1130909106629046e+04,-2.8833920667578341e+03,
8.8517853744288981e-04,2.4751479832514345e+01,9.7044064548138187e-01,3.1977181357376726e+03,2.4620412295476114e+06,1.1204468297676586e-01,8.8811262146311665e-01,7.2752469020847543e-01,1.0073188776480828e-02,7.0179725231591369e-02,1.4670464339850106e-01,3.7174515705334574e-03,3.3616490800374588e-04,0.0000000000000000e+00,2.8093051400958218e+04,1.0972850707867722e+03,
9.1952058552684126e-04,3.2527952520684259e+01,1.0104218598333485e+00,1.2439650822454048e+03,2.4720748675084691e+06,1.1198182193089812e-01,8.8815498686897187e-01,2.1016524626337243e-01,4.0761715545377265e-03,1.5279930661813887e-02,2.4321485056506852e-02,2.7656310915812727e-03,2.4116082898909374e-04,0.0000000000000000e+00,3.5817083213490594e+04,1.1018011491960533e+03,
9.2698400828059480e-04,3.4816423706140824e+01,2.7173548411413256e-01,4.0650190498660839e+02,2.4945967426781859e+06,1.1191391000855044e-01,8.8810082086845110e-01,6.2019219346691777e-18,-2.3557107660694441e-23,-1.0446167816065603e-18,-6.5718156697256587e-21,-2.8639982662162875e-17,-5.3432339518281454e-18,0.0000000000000000e+00,3.7559943729654267e+04,2.9930239395382921e+02,
9.2024549834072154e-04,3.4132664428632928e+01,1.2960348730977220e-01,4.0574071379622654e+02,2.4670353830520916e+06,1.1191022048542981e-01,8.8809551711711365e-01,6.4077254512486866e-18,-3.0244733376346942e-23,-1.2249852720826073e-18,-8.2769364751412696e-21,-2.7887932178867808e-17,-5.3433143950247461e-18,0.0000000000000000e+00,3.7106600157485620e+04,1.4340275723685397e+02,
9.1261152379199602e-04,3.3355581442201391e+01,1.3183802628318800e-01,4.0675196504405864e+02,2.4453366002413807e+06,1.1190820866412532e-01,8.8809536820070578e-01,6.5895184904027588e-18,-3.2849298817224596e-23,-1.3439416143027472e-18,-9.2022501717749541e-21,-2.7221895729412196e-17,-5.3433449668429623e-18,0.0000000000000000e+00,3.6556757114706437e+04,1.4554183768831587e+02,
9.0713820983876099e-04,3.3028137593259473e+01,1.2757203735189465e-01,4.0624041407991058e+02,2.4249127315320843e+06,1.1191139586585071e-01,8.8809731767561872e-01,6.8348718392431448e-18,-3.6678528771554328e-23,-1.4921323332090866e-18,-1.0058632605476474e-20,-2.6326860441405085e-17,-5.3432867874228994e-18,0.0000000000000000e+00,3.6438758065273883e+04,1.4211622331362068e+02,
8.8253092333104050e-04,3.1207764481493651e+01,1.6420381724521271e-01,4.0293935466381151e+02,2.3821616953519545e+06,1.1191001578501152e-01,8.8809506256825421e-01,7.2093496731760510e-18,-4.5419246664124231e-23,-1.8772068711216314e-18,-1.1944803865531231e-20,-2.4957735098279620e-17,-5.3433067198779966e-18,0.0000000000000000e+00,3.5364564598300669e+04,1.9364395797780296e+02,
8.4904415884897995e-04,2.7880470822447553e+01,1.8821261009742263e-01,3.9634565954014909e+02,2.2524044590845173e+06,1.1190901529980625e-01,8.8809424220476019e-01,7.4563153371114769e-18,-4.2841941469390795e-23,-2.2027504863392428e-18,-1.2228044088081375e-20,-2.4062837744479264e-17,-5.3433269304671311e-18,0.0000000000000000e+00,3.2837778173878934e+04,2.2440951665869980e+02,
8.6252384504692525e-04,2.9136612992432919e+01,1.4686700194005964e-01,3.9787511210541300e+02,2.3018306407190026e+06,1.1190920262569334e-01,8.8809447289648769e-01,8.1015874611062616e-18,-4.9569538957477106e-23,-2.4229106977334046e-18,-1.3972055924678285e-20,-2.1701190126166033e-17,-5.3433233840717716e-18,0.0000000000000000e+00,3.3785057680752019e+04,1.7310239331118774e+02,
8.5459268031983513e-04,2.8385850872565253e+01,1.0904385935078476e-01,3.9511153209721687e+02,2.2740531684424290e+06,1.1190814213593807e-01,8.8809455778392921e-01,8.8516383914063327e-18,-5.8542768905191168e-23,-3.0139798243795371e-18,-1.6846293502827329e-20,-1.8964999636032339e-17,-5.3433429675107787e-18,0.0000000000000000e+00,3.3215892711787157e+04,1.3035184902287213e+02,
8.4272950027826843e-04,2.7267075742831963e+01,1.3035032678655623e-01,3.9218084575074136e+02,2.2268374027552875e+06,1.1206854110636004e-01,8.8809422144166150e-01,9.5898290167708432e-18,-6.8992355125472125e-24,-3.6965904738837336e-18,-4.7118741264102245e-21,-1.6203088128606492e-17,-5.3401323552621262e-18,0.0000000000000000e+00,3.2356456473463837e+04,1.6738114136494750e+02,

