1
1
16
0
(2 0
((29976,2016) (29983,2023) (0,0))
((29976,2024) (29983,2031) (0,0))
)
2
FabOnDisk: Cell_D_00030 0
FabOnDisk: Cell_D_00002 0

2,16
2.2192738529338586e-04,2.9724077601367420e+00,-1.3326880125025831e+00,1.5158668258176222e+03,2.2306197551998668e+06,4.6003716376659301e-02,4.7611146930105475e-01,3.4392104133926638e-01,7.5978896091285584e-03,2.4701422351340069e-02,2.5941589278130985e-02,6.1054441331598905e-04,1.1329543419945308e-04,0.0000000000000000e+00,1.3393605102890964e+04,-5.7754798647708849e+03,
5.0443521588975672e-04,6.6645238100147246e+00,-1.1745872325230011e+00,6.6230733988771965e+02,2.2474377165880934e+06,9.9418913463904329e-02,8.5573473310987513e-01,3.0976166256801194e-02,3.5964211220452185e-04,6.2372941313169851e-04,3.4954904801874644e-03,4.0097738338703533e-03,3.3358016595332252e-04,0.0000000000000000e+00,1.3189930255025416e+04,-2.3272251590518267e+03,

2,16
2.3780415875062274e-04,3.4422681778412012e+00,-9.2116715633474067e-01,1.6731493718466852e+03,2.2649597120603477e+06,5.6059695671269616e-02,5.4079311186677659e-01,4.0387783537273003e-01,9.1640491595412384e-03,2.9899108906087931e-02,3.4215907870422127e-02,8.6098986969771320e-04,1.2872010027925446e-04,0.0000000000000000e+00,1.4726804996370109e+04,-3.9534267684106435e+03,
5.1397473431713287e-04,7.0007937641526841e+00,-6.8010517998763897e-01,6.8784447961845365e+02,2.2805569079315243e+06,1.0128473000390219e-01,8.5885662036104826e-01,3.5124116813114080e-02,6.2740373150116369e-04,8.9394611104412014e-04,3.8399533533554474e-03,4.1027476466726906e-03,3.3658861422418770e-04,0.0000000000000000e+00,1.3657422288106447e+04,-1.3243913005897155e+03,

