1
1
16
0
(1 0
((0,0) (4095,63) (0,0))
)
1
FabOnDisk: SD_0_New_MF_D_00000 0

1,16
1.0238393158252240e-04,-9.4888624223915652e-01,-5.2670375574732766e+00,0.0000000000000000e+00,-4.8781412478057379e+06,-4.8784718428915683e+06,3.0000000000000000e+02,1.9557216470760640e-06,7.2187311998926823e-06,0.0000000000000000e+00,0.0000000000000000e+00,0.0000000000000000e+00,0.0000000000000000e+00,0.0000000000000000e+00,0.0000000000000000e+00,0.0000000000000000e+00,

1,16
8.7672656661143722e-04,2.9296417080984362e+01,4.8837341971267083e+00,0.0000000000000000e+00,1.6303530725607825e+06,1.3080965191532890e+06,3.2342976764071827e+03,9.8110754346803183e-05,7.7861581216748818e-04,1.0814557134199344e-04,2.1037794369520646e-06,1.0660117861601292e-05,1.7526122080654448e-05,2.6162368816618215e-06,8.1332620072266741e-07,0.0000000000000000e+00,

