1
1
11
0
(1 0
((0,0) (4095,63) (0,0))
)
1
FabOnDisk: SD_1_New_MF_D_00000 0

1,11
-2.4808500688386648e+01,-2.0545210905104994e+02,-1.5285291702683008e+00,-1.3760912996362737e+00,-3.4403568294114275e+00,-1.2348627205795665e+01,-4.9915467163239251e+00,-3.6920433443079737e-01,0.0000000000000000e+00,-2.5114527967812333e-01,-5.5702500543621948e+10,

1,11
3.0342949365321886e-01,1.1834868409462511e+00,1.6291799692150883e+02,5.4855886657285691e+00,2.4366955179303307e+01,4.2935747436618001e+01,8.4350724346125965e+00,2.2164623041067902e-01,0.0000000000000000e+00,5.0229055935624667e-01,1.0004729306970752e+13,

